808, 000000000, 749, 549, 491, 641, 520, 748, 937, 36
819, 000000001, 749, 549, 491, 641, 520, 748, 937, 36
963, 000000010000, 749, 549, 491, 641, 520, 748, 937, 36, 304, 379, 74
936, 0000000100010, 749, 549, 491, 641, 520, 748, 937, 36, 304, 379, 74, 235
960, 0000000100011, 749, 549, 491, 641, 520, 748, 937, 36, 304, 379, 74, 235
876, 00000001001, 749, 549, 491, 641, 520, 748, 937, 36, 304, 379
737, 00000001010, 749, 549, 491, 641, 520, 748, 937, 36, 304, 379
687, 000000010110, 749, 549, 491, 641, 520, 748, 937, 36, 304, 379, 370
784, 000000010111, 749, 549, 491, 641, 520, 748, 937, 36, 304, 379, 370
176, 00000001100, 749, 549, 491, 641, 520, 748, 937, 36, 304, 328
901, 00000001101, 749, 549, 491, 641, 520, 748, 937, 36, 304, 328
899, 0000000111, 749, 549, 491, 641, 520, 748, 937, 36, 304
675, 000000100000000, 749, 549, 491, 641, 520, 748, 937, 911, 10, 352, 264, 922, 138, 779
666, 0000001000000010, 749, 549, 491, 641, 520, 748, 937, 911, 10, 352, 264, 922, 138, 779, 783
817, 0000001000000011, 749, 549, 491, 641, 520, 748, 937, 911, 10, 352, 264, 922, 138, 779, 783
276, 000000100000010, 749, 549, 491, 641, 520, 748, 937, 911, 10, 352, 264, 922, 138, 779
491, 000000100000011, 749, 549, 491, 641, 520, 748, 937, 911, 10, 352, 264, 922, 138, 779
16, 0000001000001, 749, 549, 491, 641, 520, 748, 937, 911, 10, 352, 264, 922
506, 0000001000010, 749, 549, 491, 641, 520, 748, 937, 911, 10, 352, 264, 922
993, 0000001000011, 749, 549, 491, 641, 520, 748, 937, 911, 10, 352, 264, 922
754, 000000100010, 749, 549, 491, 641, 520, 748, 937, 911, 10, 352, 264
278, 00000010001100, 749, 549, 491, 641, 520, 748, 937, 911, 10, 352, 264, 431, 188
512, 00000010001101, 749, 549, 491, 641, 520, 748, 937, 911, 10, 352, 264, 431, 188
464, 00000010001110, 749, 549, 491, 641, 520, 748, 937, 911, 10, 352, 264, 431, 188
596, 00000010001111, 749, 549, 491, 641, 520, 748, 937, 911, 10, 352, 264, 431, 188
451, 000000100100000, 749, 549, 491, 641, 520, 748, 937, 911, 10, 352, 239, 576, 137, 378
638, 000000100100001, 749, 549, 491, 641, 520, 748, 937, 911, 10, 352, 239, 576, 137, 378
388, 00000010010001, 749, 549, 491, 641, 520, 748, 937, 911, 10, 352, 239, 576, 137
136, 0000001001001, 749, 549, 491, 641, 520, 748, 937, 911, 10, 352, 239, 576
307, 00000010010100, 749, 549, 491, 641, 520, 748, 937, 911, 10, 352, 239, 576, 762
308, 0000001001010100, 749, 549, 491, 641, 520, 748, 937, 911, 10, 352, 239, 576, 762, 438, 729
492, 0000001001010101, 749, 549, 491, 641, 520, 748, 937, 911, 10, 352, 239, 576, 762, 438, 729
13, 000000100101011, 749, 549, 491, 641, 520, 748, 937, 911, 10, 352, 239, 576, 762, 438
888, 00000010010110, 749, 549, 491, 641, 520, 748, 937, 911, 10, 352, 239, 576, 762
987, 00000010010111, 749, 549, 491, 641, 520, 748, 937, 911, 10, 352, 239, 576, 762
367, 000000100110, 749, 549, 491, 641, 520, 748, 937, 911, 10, 352, 239
626, 0000001001110, 749, 549, 491, 641, 520, 748, 937, 911, 10, 352, 239, 784
336, 0000001001111000, 749, 549, 491, 641, 520, 748, 937, 911, 10, 352, 239, 784, 933, 256, 740
425, 0000001001111001, 749, 549, 491, 641, 520, 748, 937, 911, 10, 352, 239, 784, 933, 256, 740
497, 000000100111101, 749, 549, 491, 641, 520, 748, 937, 911, 10, 352, 239, 784, 933, 256
705, 00000010011111, 749, 549, 491, 641, 520, 748, 937, 911, 10, 352, 239, 784, 933
131, 0000001010, 749, 549, 491, 641, 520, 748, 937, 911, 10
132, 0000001011, 749, 549, 491, 641, 520, 748, 937, 911, 10
587, 000000110000, 749, 549, 491, 641, 520, 748, 937, 911, 881, 105, 678
724, 000000110001, 749, 549, 491, 641, 520, 748, 937, 911, 881, 105, 678
280, 00000011001, 749, 549, 491, 641, 520, 748, 937, 911, 881, 105
720, 0000001101, 749, 549, 491, 641, 520, 748, 937, 911, 881
427, 000000111000, 749, 549, 491, 641, 520, 748, 937, 911, 881, 535, 84
722, 000000111001, 749, 549, 491, 641, 520, 748, 937, 911, 881, 535, 84
277, 00000011101, 749, 549, 491, 641, 520, 748, 937, 911, 881, 535
710, 0000001111, 749, 549, 491, 641, 520, 748, 937, 911, 881
234, 000001000000000, 749, 549, 491, 641, 520, 748, 812, 776, 405, 355, 859, 356, 515, 240
337, 000001000000001, 749, 549, 491, 641, 520, 748, 812, 776, 405, 355, 859, 356, 515, 240
364, 00000100000001, 749, 549, 491, 641, 520, 748, 812, 776, 405, 355, 859, 356, 515
358, 000001000000100, 749, 549, 491, 641, 520, 748, 812, 776, 405, 355, 859, 356, 515, 865
563, 0000010000001010, 749, 549, 491, 641, 520, 748, 812, 776, 405, 355, 859, 356, 515, 865, 671
544, 000001000000101100, 749, 549, 491, 641, 520, 748, 812, 776, 405, 355, 859, 356, 515, 865, 671, 871, 477
623, 000001000000101101, 749, 549, 491, 641, 520, 748, 812, 776, 405, 355, 859, 356, 515, 865, 671, 871, 477
437, 00000100000010111, 749, 549, 491, 641, 520, 748, 812, 776, 405, 355, 859, 356, 515, 865, 671, 871
401, 0000010000001100, 749, 549, 491, 641, 520, 748, 812, 776, 405, 355, 859, 356, 515, 865, 374
646, 0000010000001101, 749, 549, 491, 641, 520, 748, 812, 776, 405, 355, 859, 356, 515, 865, 374
539, 000001000000111, 749, 549, 491, 641, 520, 748, 812, 776, 405, 355, 859, 356, 515, 865
112, 00000100000100, 749, 549, 491, 641, 520, 748, 812, 776, 405, 355, 859, 356, 543
198, 00000100000101, 749, 549, 491, 641, 520, 748, 812, 776, 405, 355, 859, 356, 543
250, 000001000001100, 749, 549, 491, 641, 520, 748, 812, 776, 405, 355, 859, 356, 543, 532
670, 000001000001101, 749, 549, 491, 641, 520, 748, 812, 776, 405, 355, 859, 356, 543, 532
631, 0000010000011100, 749, 549, 491, 641, 520, 748, 812, 776, 405, 355, 859, 356, 543, 532, 30
892, 00000100000111010, 749, 549, 491, 641, 520, 748, 812, 776, 405, 355, 859, 356, 543, 532, 30, 512
947, 00000100000111011, 749, 549, 491, 641, 520, 748, 812, 776, 405, 355, 859, 356, 543, 532, 30, 512
240, 0000010000011110000, 749, 549, 491, 641, 520, 748, 812, 776, 405, 355, 859, 356, 543, 532, 30, 53, 305, 486
438, 0000010000011110001, 749, 549, 491, 641, 520, 748, 812, 776, 405, 355, 859, 356, 543, 532, 30, 53, 305, 486
453, 000001000001111001, 749, 549, 491, 641, 520, 748, 812, 776, 405, 355, 859, 356, 543, 532, 30, 53, 305
633, 00000100000111101, 749, 549, 491, 641, 520, 748, 812, 776, 405, 355, 859, 356, 543, 532, 30, 53
509, 00000100000111110, 749, 549, 491, 641, 520, 748, 812, 776, 405, 355, 859, 356, 543, 532, 30, 53
518, 000001000001111110, 749, 549, 491, 641, 520, 748, 812, 776, 405, 355, 859, 356, 543, 532, 30, 53, 694
579, 000001000001111111, 749, 549, 491, 641, 520, 748, 812, 776, 405, 355, 859, 356, 543, 532, 30, 53, 694
496, 000001000010, 749, 549, 491, 641, 520, 748, 812, 776, 405, 355, 859
325, 00000100001100, 749, 549, 491, 641, 520, 748, 812, 776, 405, 355, 859, 40, 248
385, 00000100001101, 749, 549, 491, 641, 520, 748, 812, 776, 405, 355, 859, 40, 248
259, 0000010000111, 749, 549, 491, 641, 520, 748, 812, 776, 405, 355, 859, 40
185, 0000010001000, 749, 549, 491, 641, 520, 748, 812, 776, 405, 355, 610, 826
370, 0000010001001, 749, 549, 491, 641, 520, 748, 812, 776, 405, 355, 610, 826
489, 0000010001010, 749, 549, 491, 641, 520, 748, 812, 776, 405, 355, 610, 826
889, 0000010001011, 749, 549, 491, 641, 520, 748, 812, 776, 405, 355, 610, 826
519, 000001000110000, 749, 549, 491, 641, 520, 748, 812, 776, 405, 355, 610, 455, 852, 932
592, 0000010001100010, 749, 549, 491, 641, 520, 748, 812, 776, 405, 355, 610, 455, 852, 932, 591
629, 0000010001100011, 749, 549, 491, 641, 520, 748, 812, 776, 405, 355, 610, 455, 852, 932, 591
556, 000001000110010000, 749, 549, 491, 641, 520, 748, 812, 776, 405, 355, 610, 455, 852, 932, 422, 459, 636
268, 0000010001100100010, 749, 549, 491, 641, 520, 748, 812, 776, 405, 355, 610, 455, 852, 932, 422, 459, 636, 627
318, 0000010001100100011, 749, 549, 491, 641, 520, 748, 812, 776, 405, 355, 610, 455, 852, 932, 422, 459, 636, 627
338, 000001000110010010, 749, 549, 491, 641, 520, 748, 812, 776, 405, 355, 610, 455, 852, 932, 422, 459, 636
776, 000001000110010011, 749, 549, 491, 641, 520, 748, 812, 776, 405, 355, 610, 455, 852, 932, 422, 459, 636
517, 000001000110010100, 749, 549, 491, 641, 520, 748, 812, 776, 405, 355, 610, 455, 852, 932, 422, 459, 224
398, 0000010001100101010, 749, 549, 491, 641, 520, 748, 812, 776, 405, 355, 610, 455, 852, 932, 422, 459, 224, 876
322, 00000100011001010110, 749, 549, 491, 641, 520, 748, 812, 776, 405, 355, 610, 455, 852, 932, 422, 459, 224, 876, 688
632, 00000100011001010111, 749, 549, 491, 641, 520, 748, 812, 776, 405, 355, 610, 455, 852, 932, 422, 459, 224, 876, 688
650, 000001000110010110, 749, 549, 491, 641, 520, 748, 812, 776, 405, 355, 610, 455, 852, 932, 422, 459, 224
479, 0000010001100101110, 749, 549, 491, 641, 520, 748, 812, 776, 405, 355, 610, 455, 852, 932, 422, 459, 224, 166
589, 00000100011001011110, 749, 549, 491, 641, 520, 748, 812, 776, 405, 355, 610, 455, 852, 932, 422, 459, 224, 166, 5
335, 000001000110010111110, 749, 549, 491, 641, 520, 748, 812, 776, 405, 355, 610, 455, 852, 932, 422, 459, 224, 166, 5, 145
470, 0000010001100101111110, 749, 549, 491, 641, 520, 748, 812, 776, 405, 355, 610, 455, 852, 932, 422, 459, 224, 166, 5, 145, 132
619, 00000100011001011111110, 749, 549, 491, 641, 520, 748, 812, 776, 405, 355, 610, 455, 852, 932, 422, 459, 224, 166, 5, 145, 132, 831
298, 000001000110010111111110, 749, 549, 491, 641, 520, 748, 812, 776, 405, 355, 610, 455, 852, 932, 422, 459, 224, 166, 5, 145, 132, 831, 675
528, 000001000110010111111111, 749, 549, 491, 641, 520, 748, 812, 776, 405, 355, 610, 455, 852, 932, 422, 459, 224, 166, 5, 145, 132, 831, 675
300, 00000100011001100, 749, 549, 491, 641, 520, 748, 812, 776, 405, 355, 610, 455, 852, 932, 422, 241
593, 00000100011001101, 749, 549, 491, 641, 520, 748, 812, 776, 405, 355, 610, 455, 852, 932, 422, 241
247, 000001000110011100, 749, 549, 491, 641, 520, 748, 812, 776, 405, 355, 610, 455, 852, 932, 422, 241, 741
550, 000001000110011101, 749, 549, 491, 641, 520, 748, 812, 776, 405, 355, 610, 455, 852, 932, 422, 241, 741
440, 0000010001100111100, 749, 549, 491, 641, 520, 748, 812, 776, 405, 355, 610, 455, 852, 932, 422, 241, 741, 850
609, 0000010001100111101, 749, 549, 491, 641, 520, 748, 812, 776, 405, 355, 610, 455, 852, 932, 422, 241, 741, 850
495, 0000010001100111110, 749, 549, 491, 641, 520, 748, 812, 776, 405, 355, 610, 455, 852, 932, 422, 241, 741, 850
101, 000001000110011111100, 749, 549, 491, 641, 520, 748, 812, 776, 405, 355, 610, 455, 852, 932, 422, 241, 741, 850, 829, 925
356, 000001000110011111101, 749, 549, 491, 641, 520, 748, 812, 776, 405, 355, 610, 455, 852, 932, 422, 241, 741, 850, 829, 925
436, 00000100011001111111000, 749, 549, 491, 641, 520, 748, 812, 776, 405, 355, 610, 455, 852, 932, 422, 241, 741, 850, 829, 925, 339, 870
230, 000001000110011111110010, 749, 549, 491, 641, 520, 748, 812, 776, 405, 355, 610, 455, 852, 932, 422, 241, 741, 850, 829, 925, 339, 870, 967
339, 000001000110011111110011, 749, 549, 491, 641, 520, 748, 812, 776, 405, 355, 610, 455, 852, 932, 422, 241, 741, 850, 829, 925, 339, 870, 967
334, 000001000110011111110100, 749, 549, 491, 641, 520, 748, 812, 776, 405, 355, 610, 455, 852, 932, 422, 241, 741, 850, 829, 925, 339, 870, 994
674, 000001000110011111110101, 749, 549, 491, 641, 520, 748, 812, 776, 405, 355, 610, 455, 852, 932, 422, 241, 741, 850, 829, 925, 339, 870, 994
614, 00000100011001111111011, 749, 549, 491, 641, 520, 748, 812, 776, 405, 355, 610, 455, 852, 932, 422, 241, 741, 850, 829, 925, 339, 870
138, 000001000110011111111, 749, 549, 491, 641, 520, 748, 812, 776, 405, 355, 610, 455, 852, 932, 422, 241, 741, 850, 829, 925
875, 000001000110100, 749, 549, 491, 641, 520, 748, 812, 776, 405, 355, 610, 455, 852, 605
906, 000001000110101, 749, 549, 491, 641, 520, 748, 812, 776, 405, 355, 610, 455, 852, 605
114, 00000100011011, 749, 549, 491, 641, 520, 748, 812, 776, 405, 355, 610, 455, 852
383, 000001000111000, 749, 549, 491, 641, 520, 748, 812, 776, 405, 355, 610, 455, 807, 83
363, 000001000111001000, 749, 549, 491, 641, 520, 748, 812, 776, 405, 355, 610, 455, 807, 83, 680, 146, 291
524, 000001000111001001, 749, 549, 491, 641, 520, 748, 812, 776, 405, 355, 610, 455, 807, 83, 680, 146, 291
450, 00000100011100101, 749, 549, 491, 641, 520, 748, 812, 776, 405, 355, 610, 455, 807, 83, 680, 146
297, 00000100011100110, 749, 549, 491, 641, 520, 748, 812, 776, 405, 355, 610, 455, 807, 83, 680, 146
543, 00000100011100111, 749, 549, 491, 641, 520, 748, 812, 776, 405, 355, 610, 455, 807, 83, 680, 146
381, 0000010001110100, 749, 549, 491, 641, 520, 748, 812, 776, 405, 355, 610, 455, 807, 83, 499
617, 0000010001110101, 749, 549, 491, 641, 520, 748, 812, 776, 405, 355, 610, 455, 807, 83, 499
465, 0000010001110110, 749, 549, 491, 641, 520, 748, 812, 776, 405, 355, 610, 455, 807, 83, 499
535, 0000010001110111, 749, 549, 491, 641, 520, 748, 812, 776, 405, 355, 610, 455, 807, 83, 499
457, 00000100011110, 749, 549, 491, 641, 520, 748, 812, 776, 405, 355, 610, 455, 807
458, 00000100011111, 749, 549, 491, 641, 520, 748, 812, 776, 405, 355, 610, 455, 807
376, 000001001000, 749, 549, 491, 641, 520, 748, 812, 776, 405, 528, 608
432, 000001001001, 749, 549, 491, 641, 520, 748, 812, 776, 405, 528, 608
481, 00000100101000, 749, 549, 491, 641, 520, 748, 812, 776, 405, 528, 608, 981, 690
634, 00000100101001, 749, 549, 491, 641, 520, 748, 812, 776, 405, 528, 608, 981, 690
400, 00000100101010, 749, 549, 491, 641, 520, 748, 812, 776, 405, 528, 608, 981, 690
468, 00000100101011, 749, 549, 491, 641, 520, 748, 812, 776, 405, 528, 608, 981, 690
652, 000001001011, 749, 549, 491, 641, 520, 748, 812, 776, 405, 528, 608
662, 00000100110, 749, 549, 491, 641, 520, 748, 812, 776, 405, 528
923, 000001001110, 749, 549, 491, 641, 520, 748, 812, 776, 405, 528, 587
239, 0000010011110, 749, 549, 491, 641, 520, 748, 812, 776, 405, 528, 587, 57
813, 0000010011111, 749, 549, 491, 641, 520, 748, 812, 776, 405, 528, 587, 57
452, 000001010000, 749, 549, 491, 641, 520, 748, 812, 776, 811, 622, 780
347, 00000101000100, 749, 549, 491, 641, 520, 748, 812, 776, 811, 622, 780, 475, 456
500, 00000101000101, 749, 549, 491, 641, 520, 748, 812, 776, 811, 622, 780, 475, 456
42, 0000010100011, 749, 549, 491, 641, 520, 748, 812, 776, 811, 622, 780, 475
357, 0000010100100, 749, 549, 491, 641, 520, 748, 812, 776, 811, 622, 780, 67
287, 00000101001010, 749, 549, 491, 641, 520, 748, 812, 776, 811, 622, 780, 67, 863
299, 00000101001011000, 749, 549, 491, 641, 520, 748, 812, 776, 811, 622, 780, 67, 863, 623, 415, 710
493, 000001010010110010, 749, 549, 491, 641, 520, 748, 812, 776, 811, 622, 780, 67, 863, 623, 415, 710, 198
667, 000001010010110011, 749, 549, 491, 641, 520, 748, 812, 776, 811, 622, 780, 67, 863, 623, 415, 710, 198
692, 0000010100101101, 749, 549, 491, 641, 520, 748, 812, 776, 811, 622, 780, 67, 863, 623, 415
573, 0000010100101110, 749, 549, 491, 641, 520, 748, 812, 776, 811, 622, 780, 67, 863, 623, 415
597, 0000010100101111, 749, 549, 491, 641, 520, 748, 812, 776, 811, 622, 780, 67, 863, 623, 415
467, 000001010011000, 749, 549, 491, 641, 520, 748, 812, 776, 811, 622, 780, 67, 80, 511
557, 000001010011001, 749, 549, 491, 641, 520, 748, 812, 776, 811, 622, 780, 67, 80, 511
415, 00000101001101, 749, 549, 491, 641, 520, 748, 812, 776, 811, 622, 780, 67, 80
449, 0000010100111, 749, 549, 491, 641, 520, 748, 812, 776, 811, 622, 780, 67
545, 0000010101000, 749, 549, 491, 641, 520, 748, 812, 776, 811, 622, 815, 756
580, 000001010100100, 749, 549, 491, 641, 520, 748, 812, 776, 811, 622, 815, 756, 799, 848
658, 000001010100101, 749, 549, 491, 641, 520, 748, 812, 776, 811, 622, 815, 756, 799, 848
469, 00000101010011, 749, 549, 491, 641, 520, 748, 812, 776, 811, 622, 815, 756, 799
522, 00000101010100, 749, 549, 491, 641, 520, 748, 812, 776, 811, 622, 815, 756, 465
668, 00000101010101, 749, 549, 491, 641, 520, 748, 812, 776, 811, 622, 815, 756, 465
340, 000001010101100, 749, 549, 491, 641, 520, 748, 812, 776, 811, 622, 815, 756, 465, 658
361, 000001010101101, 749, 549, 491, 641, 520, 748, 812, 776, 811, 622, 815, 756, 465, 658
693, 00000101010111, 749, 549, 491, 641, 520, 748, 812, 776, 811, 622, 815, 756, 465
286, 0000010101100, 749, 549, 491, 641, 520, 748, 812, 776, 811, 622, 815, 907
590, 0000010101101, 749, 549, 491, 641, 520, 748, 812, 776, 811, 622, 815, 907
362, 000001010111, 749, 549, 491, 641, 520, 748, 812, 776, 811, 622, 815
857, 00000101100, 749, 549, 491, 641, 520, 748, 812, 776, 811, 877
316, 0000010110100, 749, 549, 491, 641, 520, 748, 812, 776, 811, 877, 689, 301
460, 0000010110101, 749, 549, 491, 641, 520, 748, 812, 776, 811, 877, 689, 301
951, 000001011011000, 749, 549, 491, 641, 520, 748, 812, 776, 811, 877, 689, 301, 427, 211
952, 000001011011001, 749, 549, 491, 641, 520, 748, 812, 776, 811, 877, 689, 301, 427, 211
243, 00000101101101000, 749, 549, 491, 641, 520, 748, 812, 776, 811, 877, 689, 301, 427, 211, 490, 263
682, 000001011011010010, 749, 549, 491, 641, 520, 748, 812, 776, 811, 877, 689, 301, 427, 211, 490, 263, 373
254, 0000010110110100110, 749, 549, 491, 641, 520, 748, 812, 776, 811, 877, 689, 301, 427, 211, 490, 263, 373, 440
576, 0000010110110100111, 749, 549, 491, 641, 520, 748, 812, 776, 811, 877, 689, 301, 427, 211, 490, 263, 373, 440
178, 00000101101101010, 749, 549, 491, 641, 520, 748, 812, 776, 811, 877, 689, 301, 427, 211, 490, 263
342, 00000101101101011, 749, 549, 491, 641, 520, 748, 812, 776, 811, 877, 689, 301, 427, 211, 490, 263
282, 00000101101101100, 749, 549, 491, 641, 520, 748, 812, 776, 811, 877, 689, 301, 427, 211, 490, 382
511, 00000101101101101, 749, 549, 491, 641, 520, 748, 812, 776, 811, 877, 689, 301, 427, 211, 490, 382
285, 00000101101101110000, 749, 549, 491, 641, 520, 748, 812, 776, 811, 877, 689, 301, 427, 211, 490, 382, 500, 786, 836
564, 00000101101101110001, 749, 549, 491, 641, 520, 748, 812, 776, 811, 877, 689, 301, 427, 211, 490, 382, 500, 786, 836
48, 0000010110110111001, 749, 549, 491, 641, 520, 748, 812, 776, 811, 877, 689, 301, 427, 211, 490, 382, 500, 786
256, 00000101101101110100, 749, 549, 491, 641, 520, 748, 812, 776, 811, 877, 689, 301, 427, 211, 490, 382, 500, 786, 112
661, 00000101101101110101, 749, 549, 491, 641, 520, 748, 812, 776, 811, 877, 689, 301, 427, 211, 490, 382, 500, 786, 112
459, 00000101101101110110, 749, 549, 491, 641, 520, 748, 812, 776, 811, 877, 689, 301, 427, 211, 490, 382, 500, 786, 112
255, 000001011011011101110, 749, 549, 491, 641, 520, 748, 812, 776, 811, 877, 689, 301, 427, 211, 490, 382, 500, 786, 112, 213
501, 000001011011011101111, 749, 549, 491, 641, 520, 748, 812, 776, 811, 877, 689, 301, 427, 211, 490, 382, 500, 786, 112, 213
847, 00000101101101111, 749, 549, 491, 641, 520, 748, 812, 776, 811, 877, 689, 301, 427, 211, 490, 382
321, 000001011011100, 749, 549, 491, 641, 520, 748, 812, 776, 811, 877, 689, 301, 427, 300
537, 000001011011101, 749, 549, 491, 641, 520, 748, 812, 776, 811, 877, 689, 301, 427, 300
1, 000001011011110, 749, 549, 491, 641, 520, 748, 812, 776, 811, 877, 689, 301, 427, 300
190, 000001011011111, 749, 549, 491, 641, 520, 748, 812, 776, 811, 877, 689, 301, 427, 300
538, 00000101110, 749, 549, 491, 641, 520, 748, 812, 776, 811, 877
651, 00000101111, 749, 549, 491, 641, 520, 748, 812, 776, 811, 877
806, 0000011000000, 749, 549, 491, 641, 520, 748, 812, 196, 493, 868, 924, 928
859, 0000011000001, 749, 549, 491, 641, 520, 748, 812, 196, 493, 868, 924, 928
228, 0000011000010, 749, 549, 491, 641, 520, 748, 812, 196, 493, 868, 924, 928
824, 00000110000110, 749, 549, 491, 641, 520, 748, 812, 196, 493, 868, 924, 928, 238
835, 00000110000111, 749, 549, 491, 641, 520, 748, 812, 196, 493, 868, 924, 928, 238
853, 00000110001, 749, 549, 491, 641, 520, 748, 812, 196, 493, 868
323, 00000110010, 749, 549, 491, 641, 520, 748, 812, 196, 493, 868
699, 0000011001100, 749, 549, 491, 641, 520, 748, 812, 196, 493, 868, 855, 193
852, 0000011001101, 749, 549, 491, 641, 520, 748, 812, 196, 493, 868, 855, 193
246, 000001100111, 749, 549, 491, 641, 520, 748, 812, 196, 493, 868, 855
839, 000001101, 749, 549, 491, 641, 520, 748, 812, 196
290, 0000011100000, 749, 549, 491, 641, 520, 748, 812, 196, 571, 55, 804, 766
799, 0000011100001, 749, 549, 491, 641, 520, 748, 812, 196, 571, 55, 804, 766
405, 0000011100010, 749, 549, 491, 641, 520, 748, 812, 196, 571, 55, 804, 766
673, 000001110001100, 749, 549, 491, 641, 520, 748, 812, 196, 571, 55, 804, 766, 425, 93
760, 00000111000110100, 749, 549, 491, 641, 520, 748, 812, 196, 571, 55, 804, 766, 425, 93, 687, 307
313, 000001110001101010, 749, 549, 491, 641, 520, 748, 812, 196, 571, 55, 804, 766, 425, 93, 687, 307, 472
605, 000001110001101011, 749, 549, 491, 641, 520, 748, 812, 196, 571, 55, 804, 766, 425, 93, 687, 307, 472
677, 0000011100011011, 749, 549, 491, 641, 520, 748, 812, 196, 571, 55, 804, 766, 425, 93, 687
306, 000001110001110, 749, 549, 491, 641, 520, 748, 812, 196, 571, 55, 804, 766, 425, 93
553, 000001110001111, 749, 549, 491, 641, 520, 748, 812, 196, 571, 55, 804, 766, 425, 93
18, 0000011100100000, 749, 549, 491, 641, 520, 748, 812, 196, 571, 55, 804, 360, 644, 910, 489
828, 0000011100100001, 749, 549, 491, 641, 520, 748, 812, 196, 571, 55, 804, 360, 644, 910, 489
486, 00000111001000100, 749, 549, 491, 641, 520, 748, 812, 196, 571, 55, 804, 360, 644, 910, 489, 616
510, 00000111001000101, 749, 549, 491, 641, 520, 748, 812, 196, 571, 55, 804, 360, 644, 910, 489, 616
654, 00000111001000110, 749, 549, 491, 641, 520, 748, 812, 196, 571, 55, 804, 360, 644, 910, 489, 616
684, 00000111001000111, 749, 549, 491, 641, 520, 748, 812, 196, 571, 55, 804, 360, 644, 910, 489, 616
417, 00000111001001000, 749, 549, 491, 641, 520, 748, 812, 196, 571, 55, 804, 360, 644, 910, 771, 1
665, 00000111001001001, 749, 549, 491, 641, 520, 748, 812, 196, 571, 55, 804, 360, 644, 910, 771, 1
555, 000001110010010100, 749, 549, 491, 641, 520, 748, 812, 196, 571, 55, 804, 360, 644, 910, 771, 1, 179
249, 0000011100100101010, 749, 549, 491, 641, 520, 748, 812, 196, 571, 55, 804, 360, 644, 910, 771, 1, 179, 395
302, 0000011100100101011, 749, 549, 491, 641, 520, 748, 812, 196, 571, 55, 804, 360, 644, 910, 771, 1, 179, 395
926, 00000111001001011, 749, 549, 491, 641, 520, 748, 812, 196, 571, 55, 804, 360, 644, 910, 771, 1
657, 000001110010011, 749, 549, 491, 641, 520, 748, 812, 196, 571, 55, 804, 360, 644, 910
529, 0000011100101000, 749, 549, 491, 641, 520, 748, 812, 196, 571, 55, 804, 360, 644, 885, 376
548, 0000011100101001, 749, 549, 491, 641, 520, 748, 812, 196, 571, 55, 804, 360, 644, 885, 376
531, 000001110010101, 749, 549, 491, 641, 520, 748, 812, 196, 571, 55, 804, 360, 644, 885
627, 00000111001011, 749, 549, 491, 641, 520, 748, 812, 196, 571, 55, 804, 360, 644
6, 000001110011000, 749, 549, 491, 641, 520, 748, 812, 196, 571, 55, 804, 360, 633, 65
7, 000001110011001, 749, 549, 491, 641, 520, 748, 812, 196, 571, 55, 804, 360, 633, 65
21, 0000011100110100, 749, 549, 491, 641, 520, 748, 812, 196, 571, 55, 804, 360, 633, 65, 388
541, 0000011100110101, 749, 549, 491, 641, 520, 748, 812, 196, 571, 55, 804, 360, 633, 65, 388
8, 000001110011011000, 749, 549, 491, 641, 520, 748, 812, 196, 571, 55, 804, 360, 633, 65, 388, 208, 956
9, 000001110011011001, 749, 549, 491, 641, 520, 748, 812, 196, 571, 55, 804, 360, 633, 65, 388, 208, 956
798, 00000111001101101, 749, 549, 491, 641, 520, 748, 812, 196, 571, 55, 804, 360, 633, 65, 388, 208
349, 0000011100110111, 749, 549, 491, 641, 520, 748, 812, 196, 571, 55, 804, 360, 633, 65, 388
152, 000001110011100, 749, 549, 491, 641, 520, 748, 812, 196, 571, 55, 804, 360, 633, 774
838, 000001110011101, 749, 549, 491, 641, 520, 748, 812, 196, 571, 55, 804, 360, 633, 774
505, 000001110011110, 749, 549, 491, 641, 520, 748, 812, 196, 571, 55, 804, 360, 633, 774
591, 000001110011111, 749, 549, 491, 641, 520, 748, 812, 196, 571, 55, 804, 360, 633, 774
448, 000001110100, 749, 549, 491, 641, 520, 748, 812, 196, 571, 55, 418
551, 000001110101, 749, 549, 491, 641, 520, 748, 812, 196, 571, 55, 418
447, 00000111011, 749, 549, 491, 641, 520, 748, 812, 196, 571, 55
317, 0000011110000000, 749, 549, 491, 641, 520, 748, 812, 196, 571, 584, 583, 592, 260, 569, 98
482, 0000011110000001, 749, 549, 491, 641, 520, 748, 812, 196, 571, 584, 583, 592, 260, 569, 98
578, 000001111000001, 749, 549, 491, 641, 520, 748, 812, 196, 571, 584, 583, 592, 260, 569
20, 0000011110000100, 749, 549, 491, 641, 520, 748, 812, 196, 571, 584, 583, 592, 260, 569, 412
611, 0000011110000101, 749, 549, 491, 641, 520, 748, 812, 196, 571, 584, 583, 592, 260, 569, 412
355, 000001111000011, 749, 549, 491, 641, 520, 748, 812, 196, 571, 584, 583, 592, 260, 569
303, 00000111100010000, 749, 549, 491, 641, 520, 748, 812, 196, 571, 584, 583, 592, 260, 289, 202, 751
406, 000001111000100010, 749, 549, 491, 641, 520, 748, 812, 196, 571, 584, 583, 592, 260, 289, 202, 751, 971
494, 000001111000100011, 749, 549, 491, 641, 520, 748, 812, 196, 571, 584, 583, 592, 260, 289, 202, 751, 971
574, 00000111100010010000, 749, 549, 491, 641, 520, 748, 812, 196, 571, 584, 583, 592, 260, 289, 202, 751, 346, 657, 654
694, 00000111100010010001, 749, 549, 491, 641, 520, 748, 812, 196, 571, 584, 583, 592, 260, 289, 202, 751, 346, 657, 654
291, 0000011110001001001, 749, 549, 491, 641, 520, 748, 812, 196, 571, 584, 583, 592, 260, 289, 202, 751, 346, 657
346, 0000011110001001010, 749, 549, 491, 641, 520, 748, 812, 196, 571, 584, 583, 592, 260, 289, 202, 751, 346, 657
477, 0000011110001001011, 749, 549, 491, 641, 520, 748, 812, 196, 571, 584, 583, 592, 260, 289, 202, 751, 346, 657
279, 000001111000100110, 749, 549, 491, 641, 520, 748, 812, 196, 571, 584, 583, 592, 260, 289, 202, 751, 346
487, 000001111000100111, 749, 549, 491, 641, 520, 748, 812, 196, 571, 584, 583, 592, 260, 289, 202, 751, 346
387, 0000011110001010, 749, 549, 491, 641, 520, 748, 812, 196, 571, 584, 583, 592, 260, 289, 202
599, 0000011110001011, 749, 549, 491, 641, 520, 748, 812, 196, 571, 584, 583, 592, 260, 289, 202
618, 00000111100011000, 749, 549, 491, 641, 520, 748, 812, 196, 571, 584, 583, 592, 260, 289, 343, 59
394, 000001111000110010, 749, 549, 491, 641, 520, 748, 812, 196, 571, 584, 583, 592, 260, 289, 343, 59, 603
672, 000001111000110011, 749, 549, 491, 641, 520, 748, 812, 196, 571, 584, 583, 592, 260, 289, 343, 59, 603
523, 0000011110001101, 749, 549, 491, 641, 520, 748, 812, 196, 571, 584, 583, 592, 260, 289, 343
244, 000001111000111, 749, 549, 491, 641, 520, 748, 812, 196, 571, 584, 583, 592, 260, 289
233, 0000011110010000, 749, 549, 491, 641, 520, 748, 812, 196, 571, 584, 583, 592, 600, 261, 845
329, 0000011110010001, 749, 549, 491, 641, 520, 748, 812, 196, 571, 584, 583, 592, 600, 261, 845
10, 000001111001001, 749, 549, 491, 641, 520, 748, 812, 196, 571, 584, 583, 592, 600, 261
333, 000001111001010, 749, 549, 491, 641, 520, 748, 812, 196, 571, 584, 583, 592, 600, 261
648, 000001111001011, 749, 549, 491, 641, 520, 748, 812, 196, 571, 584, 583, 592, 600, 261
24, 000001111001100, 749, 549, 491, 641, 520, 748, 812, 196, 571, 584, 583, 592, 600, 245
577, 000001111001101, 749, 549, 491, 641, 520, 748, 812, 196, 571, 584, 583, 592, 600, 245
304, 00000111100111, 749, 549, 491, 641, 520, 748, 812, 196, 571, 584, 583, 592, 600
232, 0000011110100000, 749, 549, 491, 641, 520, 748, 812, 196, 571, 584, 583, 890, 212, 639, 417
455, 0000011110100001, 749, 549, 491, 641, 520, 748, 812, 196, 571, 584, 583, 890, 212, 639, 417
235, 000001111010001, 749, 549, 491, 641, 520, 748, 812, 196, 571, 584, 583, 890, 212, 639
445, 00000111101001, 749, 549, 491, 641, 520, 748, 812, 196, 571, 584, 583, 890, 212
480, 00000111101010, 749, 549, 491, 641, 520, 748, 812, 196, 571, 584, 583, 890, 212
549, 00000111101011, 749, 549, 491, 641, 520, 748, 812, 196, 571, 584, 583, 890, 212
554, 0000011110110, 749, 549, 491, 641, 520, 748, 812, 196, 571, 584, 583, 890
14, 00000111101110000, 749, 549, 491, 641, 520, 748, 812, 196, 571, 584, 583, 890, 708, 87, 635, 506
630, 00000111101110001, 749, 549, 491, 641, 520, 748, 812, 196, 571, 584, 583, 890, 708, 87, 635, 506
301, 0000011110111001, 749, 549, 491, 641, 520, 748, 812, 196, 571, 584, 583, 890, 708, 87, 635
327, 0000011110111010, 749, 549, 491, 641, 520, 748, 812, 196, 571, 584, 583, 890, 708, 87, 635
869, 0000011110111011, 749, 549, 491, 641, 520, 748, 812, 196, 571, 584, 583, 890, 708, 87, 635
586, 000001111011110000, 749, 549, 491, 641, 520, 748, 812, 196, 571, 584, 583, 890, 708, 87, 469, 423, 111
642, 000001111011110001, 749, 549, 491, 641, 520, 748, 812, 196, 571, 584, 583, 890, 708, 87, 469, 423, 111
419, 00000111101111001, 749, 549, 491, 641, 520, 748, 812, 196, 571, 584, 583, 890, 708, 87, 469, 423
895, 0000011110111101, 749, 549, 491, 641, 520, 748, 812, 196, 571, 584, 583, 890, 708, 87, 469
281, 0000011110111110, 749, 549, 491, 641, 520, 748, 812, 196, 571, 584, 583, 890, 708, 87, 469
396, 0000011110111111, 749, 549, 491, 641, 520, 748, 812, 196, 571, 584, 583, 890, 708, 87, 469
595, 00000111110000, 749, 549, 491, 641, 520, 748, 812, 196, 571, 584, 833, 354, 916
504, 000001111100010, 749, 549, 491, 641, 520, 748, 812, 196, 571, 584, 833, 354, 916, 711
270, 00000111110001100, 749, 549, 491, 641, 520, 748, 812, 196, 571, 584, 833, 354, 916, 711, 842, 735
430, 00000111110001101, 749, 549, 491, 641, 520, 748, 812, 196, 571, 584, 833, 354, 916, 711, 842, 735
271, 0000011111000111, 749, 549, 491, 641, 520, 748, 812, 196, 571, 584, 833, 354, 916, 711, 842
263, 0000011111001000, 749, 549, 491, 641, 520, 748, 812, 196, 571, 584, 833, 354, 916, 613, 781
312, 0000011111001001, 749, 549, 491, 641, 520, 748, 812, 196, 571, 584, 833, 354, 916, 613, 781
635, 000001111100101, 749, 549, 491, 641, 520, 748, 812, 196, 571, 584, 833, 354, 916, 613
422, 000001111100110, 749, 549, 491, 641, 520, 748, 812, 196, 571, 584, 833, 354, 916, 613
466, 000001111100111, 749, 549, 491, 641, 520, 748, 812, 196, 571, 584, 833, 354, 916, 613
292, 0000011111010, 749, 549, 491, 641, 520, 748, 812, 196, 571, 584, 833, 354
762, 0000011111011, 749, 549, 491, 641, 520, 748, 812, 196, 571, 584, 833, 354
849, 0000011111100, 749, 549, 491, 641, 520, 748, 812, 196, 571, 584, 833, 400
22, 000001111110100, 749, 549, 491, 641, 520, 748, 812, 196, 571, 584, 833, 400, 68, 253
441, 000001111110101, 749, 549, 491, 641, 520, 748, 812, 196, 571, 584, 833, 400, 68, 253
23, 00000111111011, 749, 549, 491, 641, 520, 748, 812, 196, 571, 584, 833, 400, 68
192, 000001111111000, 749, 549, 491, 641, 520, 748, 812, 196, 571, 584, 833, 400, 357, 229
829, 000001111111001, 749, 549, 491, 641, 520, 748, 812, 196, 571, 584, 833, 400, 357, 229
15, 00000111111101, 749, 549, 491, 641, 520, 748, 812, 196, 571, 584, 833, 400, 357
194, 00000111111110, 749, 549, 491, 641, 520, 748, 812, 196, 571, 584, 833, 400, 357
434, 000001111111110, 749, 549, 491, 641, 520, 748, 812, 196, 571, 584, 833, 400, 357, 449
435, 000001111111111, 749, 549, 491, 641, 520, 748, 812, 196, 571, 584, 833, 400, 357, 449
403, 00001000000, 749, 549, 491, 641, 520, 487, 957, 840, 686, 634
561, 00001000001, 749, 549, 491, 641, 520, 487, 957, 840, 686, 634
380, 0000100001, 749, 549, 491, 641, 520, 487, 957, 840, 686
78, 000010001, 749, 549, 491, 641, 520, 487, 957, 840
456, 000010010000, 749, 549, 491, 641, 520, 487, 957, 840, 734, 147, 797
606, 000010010001, 749, 549, 491, 641, 520, 487, 957, 840, 734, 147, 797
603, 00001001001, 749, 549, 491, 641, 520, 487, 957, 840, 734, 147
88, 00001001010000, 749, 549, 491, 641, 520, 487, 957, 840, 734, 147, 133, 900, 788
462, 00001001010001, 749, 549, 491, 641, 520, 487, 957, 840, 734, 147, 133, 900, 788
718, 0000100101001, 749, 549, 491, 641, 520, 487, 957, 840, 734, 147, 133, 900
223, 0000100101010, 749, 549, 491, 641, 520, 487, 957, 840, 734, 147, 133, 900
786, 0000100101011, 749, 549, 491, 641, 520, 487, 957, 840, 734, 147, 133, 900
395, 0000100101100, 749, 549, 491, 641, 520, 487, 957, 840, 734, 147, 133, 252
770, 0000100101101, 749, 549, 491, 641, 520, 487, 957, 840, 734, 147, 133, 252
140, 0000100101110, 749, 549, 491, 641, 520, 487, 957, 840, 734, 147, 133, 252
82, 000010010111100, 749, 549, 491, 641, 520, 487, 957, 840, 734, 147, 133, 252, 19, 593
526, 000010010111101, 749, 549, 491, 641, 520, 487, 957, 840, 734, 147, 133, 252, 19, 593
157, 000010010111110, 749, 549, 491, 641, 520, 487, 957, 840, 734, 147, 133, 252, 19, 593
201, 000010010111111, 749, 549, 491, 641, 520, 487, 957, 840, 734, 147, 133, 252, 19, 593
146, 00001001100, 749, 549, 491, 641, 520, 487, 957, 840, 734, 892
217, 00001001101, 749, 549, 491, 641, 520, 487, 957, 840, 734, 892
483, 00001001110, 749, 549, 491, 641, 520, 487, 957, 840, 734, 892
536, 000010011110, 749, 549, 491, 641, 520, 487, 957, 840, 734, 892, 323
994, 000010011111, 749, 549, 491, 641, 520, 487, 957, 840, 734, 892, 323
83, 000010100, 749, 549, 491, 641, 520, 487, 957, 399
84, 000010101, 749, 549, 491, 641, 520, 487, 957, 399
202, 0000101100, 749, 549, 491, 641, 520, 487, 957, 399, 164
216, 0000101101, 749, 549, 491, 641, 520, 487, 957, 399, 164
156, 00001011100, 749, 549, 491, 641, 520, 487, 957, 399, 164, 612
199, 0000101110100, 749, 549, 491, 641, 520, 487, 957, 399, 164, 612, 770, 997
219, 00001011101010, 749, 549, 491, 641, 520, 487, 957, 399, 164, 612, 770, 997, 738
220, 00001011101011, 749, 549, 491, 641, 520, 487, 957, 399, 164, 612, 770, 997, 738
143, 0000101110110000, 749, 549, 491, 641, 520, 487, 957, 399, 164, 612, 770, 997, 884, 160, 691
144, 0000101110110001, 749, 549, 491, 641, 520, 487, 957, 399, 164, 612, 770, 997, 884, 160, 691
215, 000010111011001, 749, 549, 491, 641, 520, 487, 957, 399, 164, 612, 770, 997, 884, 160
225, 00001011101101, 749, 549, 491, 641, 520, 487, 957, 399, 164, 612, 770, 997, 884
200, 0000101110111, 749, 549, 491, 641, 520, 487, 957, 399, 164, 612, 770, 997
120, 000010111100, 749, 549, 491, 641, 520, 487, 957, 399, 164, 612, 517
145, 000010111101, 749, 549, 491, 641, 520, 487, 957, 399, 164, 612, 517
90, 00001011111, 749, 549, 491, 641, 520, 487, 957, 399, 164, 612
572, 000011000, 749, 549, 491, 641, 520, 487, 914, 73
391, 0000110010, 749, 549, 491, 641, 520, 487, 914, 73, 349
664, 0000110011, 749, 549, 491, 641, 520, 487, 914, 73, 349
514, 00001101, 749, 549, 491, 641, 520, 487, 914
89, 000011100000, 749, 549, 491, 641, 520, 487, 914, 170, 468, 986, 874
92, 000011100001, 749, 549, 491, 641, 520, 487, 914, 170, 468, 986, 874
164, 00001110001, 749, 549, 491, 641, 520, 487, 914, 170, 468, 986
904, 000011100100, 749, 549, 491, 641, 520, 487, 914, 170, 468, 986, 614
174, 0000111001010, 749, 549, 491, 641, 520, 487, 914, 170, 468, 986, 614, 747
175, 0000111001011, 749, 549, 491, 641, 520, 487, 914, 170, 468, 986, 614, 747
91, 000011100110, 749, 549, 491, 641, 520, 487, 914, 170, 468, 986, 614
168, 000011100111, 749, 549, 491, 641, 520, 487, 914, 170, 468, 986, 614
711, 00001110100, 749, 549, 491, 641, 520, 487, 914, 170, 468, 661
713, 00001110101, 749, 549, 491, 641, 520, 487, 914, 170, 468, 661
568, 0000111011, 749, 549, 491, 641, 520, 487, 914, 170, 468
238, 00001111000, 749, 549, 491, 641, 520, 487, 914, 170, 901, 598
353, 00001111001, 749, 549, 491, 641, 520, 487, 914, 170, 901, 598
471, 00001111010, 749, 549, 491, 641, 520, 487, 914, 170, 901, 598
569, 00001111011, 749, 549, 491, 641, 520, 487, 914, 170, 901, 598
478, 0000111110000, 749, 549, 491, 641, 520, 487, 914, 170, 901, 969, 271, 38
560, 0000111110001, 749, 549, 491, 641, 520, 487, 914, 170, 901, 969, 271, 38
274, 000011111001000, 749, 549, 491, 641, 520, 487, 914, 170, 901, 969, 271, 38, 296, 581
636, 000011111001001, 749, 549, 491, 641, 520, 487, 914, 170, 901, 969, 271, 38, 296, 581
203, 0000111110010100, 749, 549, 491, 641, 520, 487, 914, 170, 901, 969, 271, 38, 296, 581, 401
204, 0000111110010101, 749, 549, 491, 641, 520, 487, 914, 170, 901, 969, 271, 38, 296, 581, 401
93, 0000111110010110, 749, 549, 491, 641, 520, 487, 914, 170, 901, 969, 271, 38, 296, 581, 401
763, 0000111110010111, 749, 549, 491, 641, 520, 487, 914, 170, 901, 969, 271, 38, 296, 581, 401
332, 00001111100110, 749, 549, 491, 641, 520, 487, 914, 170, 901, 969, 271, 38, 296
685, 00001111100111, 749, 549, 491, 641, 520, 487, 914, 170, 901, 969, 271, 38, 296
986, 0000111110100, 749, 549, 491, 641, 520, 487, 914, 170, 901, 969, 271, 278
988, 0000111110101, 749, 549, 491, 641, 520, 487, 914, 170, 901, 969, 271, 278
324, 00001111101100, 749, 549, 491, 641, 520, 487, 914, 170, 901, 969, 271, 278, 294
515, 00001111101101, 749, 549, 491, 641, 520, 487, 914, 170, 901, 969, 271, 278, 294
121, 0000111110111, 749, 549, 491, 641, 520, 487, 914, 170, 901, 969, 271, 278
305, 00001111110000, 749, 549, 491, 641, 520, 487, 914, 170, 901, 969, 668, 309, 432
678, 00001111110001, 749, 549, 491, 641, 520, 487, 914, 170, 901, 969, 668, 309, 432
264, 0000111111001, 749, 549, 491, 641, 520, 487, 914, 170, 901, 969, 668, 309
372, 00001111110100, 749, 549, 491, 641, 520, 487, 914, 170, 901, 969, 668, 309, 275
373, 00001111110101, 749, 549, 491, 641, 520, 487, 914, 170, 901, 969, 668, 309, 275
252, 0000111111011, 749, 549, 491, 641, 520, 487, 914, 170, 901, 969, 668, 309
218, 000011111110000, 749, 549, 491, 641, 520, 487, 914, 170, 901, 969, 668, 51, 150, 462
118, 0000111111100010000, 749, 549, 491, 641, 520, 487, 914, 170, 901, 969, 668, 51, 150, 462, 931, 174, 139, 337
420, 0000111111100010001, 749, 549, 491, 641, 520, 487, 914, 170, 901, 969, 668, 51, 150, 462, 931, 174, 139, 337
870, 000011111110001001, 749, 549, 491, 641, 520, 487, 914, 170, 901, 969, 668, 51, 150, 462, 931, 174, 139
639, 000011111110001010, 749, 549, 491, 641, 520, 487, 914, 170, 901, 969, 668, 51, 150, 462, 931, 174, 139
787, 000011111110001011, 749, 549, 491, 641, 520, 487, 914, 170, 901, 969, 668, 51, 150, 462, 931, 174, 139
25, 000011111110001100, 749, 549, 491, 641, 520, 487, 914, 170, 901, 969, 668, 51, 150, 462, 931, 174, 125
210, 000011111110001101, 749, 549, 491, 641, 520, 487, 914, 170, 901, 969, 668, 51, 150, 462, 931, 174, 125
205, 000011111110001110, 749, 549, 491, 641, 520, 487, 914, 170, 901, 969, 668, 51, 150, 462, 931, 174, 125
207, 0000111111100011110, 749, 549, 491, 641, 520, 487, 914, 170, 901, 969, 668, 51, 150, 462, 931, 174, 125, 190
213, 0000111111100011111, 749, 549, 491, 641, 520, 487, 914, 170, 901, 969, 668, 51, 150, 462, 931, 174, 125, 190
810, 000011111110010, 749, 549, 491, 641, 520, 487, 914, 170, 901, 969, 668, 51, 150, 462
141, 000011111110011000, 749, 549, 491, 641, 520, 487, 914, 170, 901, 969, 668, 51, 150, 462, 277, 787, 28
142, 000011111110011001, 749, 549, 491, 641, 520, 487, 914, 170, 901, 969, 668, 51, 150, 462, 277, 787, 28
139, 00001111111001101, 749, 549, 491, 641, 520, 487, 914, 170, 901, 969, 668, 51, 150, 462, 277, 787
105, 00001111111001110, 749, 549, 491, 641, 520, 487, 914, 170, 901, 969, 668, 51, 150, 462, 277, 787
129, 00001111111001111, 749, 549, 491, 641, 520, 487, 914, 170, 901, 969, 668, 51, 150, 462, 277, 787
734, 0000111111101000, 749, 549, 491, 641, 520, 487, 914, 170, 901, 969, 668, 51, 150, 201, 624
193, 000011111110100100, 749, 549, 491, 641, 520, 487, 914, 170, 901, 969, 668, 51, 150, 201, 624, 215, 507
663, 000011111110100101, 749, 549, 491, 641, 520, 487, 914, 170, 901, 969, 668, 51, 150, 201, 624, 215, 507
759, 000011111110100110, 749, 549, 491, 641, 520, 487, 914, 170, 901, 969, 668, 51, 150, 201, 624, 215, 507
997, 000011111110100111, 749, 549, 491, 641, 520, 487, 914, 170, 901, 969, 668, 51, 150, 201, 624, 215, 507
736, 0000111111101010, 749, 549, 491, 641, 520, 487, 914, 170, 901, 969, 668, 51, 150, 201, 624
714, 000011111110101100, 749, 549, 491, 641, 520, 487, 914, 170, 901, 969, 668, 51, 150, 201, 624, 976, 474
919, 000011111110101101, 749, 549, 491, 641, 520, 487, 914, 170, 901, 969, 668, 51, 150, 201, 624, 976, 474
723, 00001111111010111, 749, 549, 491, 641, 520, 487, 914, 170, 901, 969, 668, 51, 150, 201, 624, 976
314, 00001111111011000, 749, 549, 491, 641, 520, 487, 914, 170, 901, 969, 668, 51, 150, 201, 78, 653
756, 00001111111011001, 749, 549, 491, 641, 520, 487, 914, 170, 901, 969, 668, 51, 150, 201, 78, 653
315, 00001111111011010, 749, 549, 491, 641, 520, 487, 914, 170, 901, 969, 668, 51, 150, 201, 78, 653
534, 00001111111011011, 749, 549, 491, 641, 520, 487, 914, 170, 901, 969, 668, 51, 150, 201, 78, 653
237, 0000111111101110, 749, 549, 491, 641, 520, 487, 914, 170, 901, 969, 668, 51, 150, 201, 78
602, 0000111111101111, 749, 549, 491, 641, 520, 487, 914, 170, 901, 969, 668, 51, 150, 201, 78
113, 0000111111110000, 749, 549, 491, 641, 520, 487, 914, 170, 901, 969, 668, 51, 481, 721, 765
188, 0000111111110001, 749, 549, 491, 641, 520, 487, 914, 170, 901, 969, 668, 51, 481, 721, 765
191, 000011111111001, 749, 549, 491, 641, 520, 487, 914, 170, 901, 969, 668, 51, 481, 721
196, 00001111111101, 749, 549, 491, 641, 520, 487, 914, 170, 901, 969, 668, 51, 481
186, 000011111111100, 749, 549, 491, 641, 520, 487, 914, 170, 901, 969, 668, 51, 481, 861
187, 000011111111101, 749, 549, 491, 641, 520, 487, 914, 170, 901, 969, 668, 51, 481, 861
189, 0000111111111100, 749, 549, 491, 641, 520, 487, 914, 170, 901, 969, 668, 51, 481, 861, 320
195, 0000111111111101, 749, 549, 491, 641, 520, 487, 914, 170, 901, 969, 668, 51, 481, 861, 320
197, 000011111111111, 749, 549, 491, 641, 520, 487, 914, 170, 901, 969, 668, 51, 481, 861
266, 000100000, 749, 549, 491, 641, 90, 223, 216, 860
442, 000100001, 749, 549, 491, 641, 90, 223, 216, 860
229, 00010001, 749, 549, 491, 641, 90, 223, 216
558, 0001001, 749, 549, 491, 641, 90, 223
378, 0001010, 749, 549, 491, 641, 90, 223
265, 000101100000, 749, 549, 491, 641, 90, 223, 632, 205, 457, 559, 86
520, 000101100001, 749, 549, 491, 641, 90, 223, 632, 205, 457, 559, 86
348, 00010110001, 749, 549, 491, 641, 90, 223, 632, 205, 457, 559
513, 0001011001, 749, 549, 491, 641, 90, 223, 632, 205, 457
267, 000101101, 749, 549, 491, 641, 90, 223, 632, 205
571, 00010111, 749, 549, 491, 641, 90, 223, 632
443, 00011000000, 749, 549, 491, 641, 90, 629, 359, 667, 544, 683
690, 00011000001, 749, 549, 491, 641, 90, 629, 359, 667, 544, 683
414, 00011000010, 749, 549, 491, 641, 90, 629, 359, 667, 544, 683
444, 00011000011, 749, 549, 491, 641, 90, 629, 359, 667, 544, 683
242, 0001100010, 749, 549, 491, 641, 90, 629, 359, 667, 544
418, 0001100011, 749, 549, 491, 641, 90, 629, 359, 667, 544
428, 0001100100, 749, 549, 491, 641, 90, 629, 359, 667, 872
621, 0001100101, 749, 549, 491, 641, 90, 629, 359, 667, 872
409, 0001100110, 749, 549, 491, 641, 90, 629, 359, 667, 872
532, 0001100111, 749, 549, 491, 641, 90, 629, 359, 667, 872
584, 0001101, 749, 549, 491, 641, 90, 629
245, 00011100, 749, 549, 491, 641, 90, 629, 408
918, 0001110100, 749, 549, 491, 641, 90, 629, 408, 984, 617
613, 00011101010, 749, 549, 491, 641, 90, 629, 408, 984, 617, 228
624, 000111010110, 749, 549, 491, 641, 90, 629, 408, 984, 617, 228, 973
625, 000111010111, 749, 549, 491, 641, 90, 629, 408, 984, 617, 228, 973
412, 0001110110000, 749, 549, 491, 641, 90, 629, 408, 984, 617, 317, 669, 679
293, 00011101100010, 749, 549, 491, 641, 90, 629, 408, 984, 617, 317, 669, 679, 505
351, 00011101100011, 749, 549, 491, 641, 90, 629, 408, 984, 617, 317, 669, 679, 505
375, 000111011001, 749, 549, 491, 641, 90, 629, 408, 984, 617, 317, 669
399, 0001110110100, 749, 549, 491, 641, 90, 629, 408, 984, 617, 317, 669, 70
669, 0001110110101, 749, 549, 491, 641, 90, 629, 408, 984, 617, 317, 669, 70
365, 0001110110110, 749, 549, 491, 641, 90, 629, 408, 984, 617, 317, 669, 70
411, 0001110110111, 749, 549, 491, 641, 90, 629, 408, 984, 617, 317, 669, 70
116, 000111011100, 749, 549, 491, 641, 90, 629, 408, 984, 617, 317, 192
124, 000111011101, 749, 549, 491, 641, 90, 629, 408, 984, 617, 317, 192
377, 0001110111100, 749, 549, 491, 641, 90, 629, 408, 984, 617, 317, 192, 430
547, 0001110111101, 749, 549, 491, 641, 90, 629, 408, 984, 617, 317, 192, 430
476, 00011101111100, 749, 549, 491, 641, 90, 629, 408, 984, 617, 317, 192, 430, 585
498, 00011101111101, 749, 549, 491, 641, 90, 629, 408, 984, 617, 317, 192, 430, 585
310, 0001110111111, 749, 549, 491, 641, 90, 629, 408, 984, 617, 317, 192, 430
552, 00011110, 749, 549, 491, 641, 90, 629, 408
309, 00011111000, 749, 549, 491, 641, 90, 629, 408, 94, 445, 730
570, 00011111001, 749, 549, 491, 641, 90, 629, 408, 94, 445, 730
251, 0001111101, 749, 549, 491, 641, 90, 629, 408, 94, 445
463, 000111111, 749, 549, 491, 641, 90, 629, 408, 94
488, 00100000, 749, 549, 491, 706, 918, 295, 526
891, 00100001, 749, 549, 491, 706, 918, 295, 526
944, 0010001, 749, 549, 491, 706, 918, 295
932, 001001000, 749, 549, 491, 706, 918, 295, 838, 894
973, 0010010010, 749, 549, 491, 706, 918, 295, 838, 894, 523
974, 0010010011, 749, 549, 491, 706, 918, 295, 838, 894, 523
970, 00100101, 749, 549, 491, 706, 918, 295, 838
371, 0010011, 749, 549, 491, 706, 918, 295
581, 0010100, 749, 549, 491, 706, 918, 767
87, 0010101000, 749, 549, 491, 706, 918, 767, 358, 794, 519
163, 0010101001, 749, 549, 491, 706, 918, 767, 358, 794, 519
173, 001010101, 749, 549, 491, 706, 918, 767, 358, 794
123, 001010110000, 749, 549, 491, 706, 918, 767, 358, 794, 531, 473, 204
272, 00101011000100, 749, 549, 491, 706, 918, 767, 358, 794, 531, 473, 204, 152, 377
567, 00101011000101, 749, 549, 491, 706, 918, 767, 358, 794, 531, 473, 204, 152, 377
585, 0010101100011, 749, 549, 491, 706, 918, 767, 358, 794, 531, 473, 204, 152
107, 00101011001, 749, 549, 491, 706, 918, 767, 358, 794, 531, 473
583, 0010101101000, 749, 549, 491, 706, 918, 767, 358, 794, 531, 473, 299, 856
761, 0010101101001, 749, 549, 491, 706, 918, 767, 358, 794, 531, 473, 299, 856
410, 001010110101, 749, 549, 491, 706, 918, 767, 358, 794, 531, 473, 299
294, 0010101101100, 749, 549, 491, 706, 918, 767, 358, 794, 531, 473, 299, 226
566, 0010101101101, 749, 549, 491, 706, 918, 767, 358, 794, 531, 473, 299, 226
620, 001010110111, 749, 549, 491, 706, 918, 767, 358, 794, 531, 473, 299
729, 0010101110, 749, 549, 491, 706, 918, 767, 358, 794, 531
359, 00101011110, 749, 549, 491, 706, 918, 767, 358, 794, 531, 324
384, 00101011111, 749, 549, 491, 706, 918, 767, 358, 794, 531, 324
803, 0010110, 749, 549, 491, 706, 918, 767
804, 0010111, 749, 549, 491, 706, 918, 767
981, 001100000, 749, 549, 491, 706, 508, 879, 364, 232
686, 0011000010, 749, 549, 491, 706, 508, 879, 364, 232, 545
882, 0011000011, 749, 549, 491, 706, 508, 879, 364, 232, 545
117, 0011000100, 749, 549, 491, 706, 508, 879, 364, 232, 626
446, 0011000101, 749, 549, 491, 706, 508, 879, 364, 232, 626
344, 00110001100, 749, 549, 491, 706, 508, 879, 364, 232, 626, 203
525, 001100011010, 749, 549, 491, 706, 508, 879, 364, 232, 626, 203, 207
588, 001100011011, 749, 549, 491, 706, 508, 879, 364, 232, 626, 203, 207
122, 0011000111, 749, 549, 491, 706, 508, 879, 364, 232, 626
709, 00110010, 749, 549, 491, 706, 508, 879, 364
992, 00110011, 749, 549, 491, 706, 508, 879, 364
920, 0011010000, 749, 549, 491, 706, 508, 879, 906, 604, 272
955, 0011010001, 749, 549, 491, 706, 508, 879, 906, 604, 272
943, 001101001000, 749, 549, 491, 706, 508, 879, 906, 604, 272, 76, 570
977, 0011010010010, 749, 549, 491, 706, 508, 879, 906, 604, 272, 76, 570, 362
978, 0011010010011, 749, 549, 491, 706, 508, 879, 906, 604, 272, 76, 570, 362
887, 00110100101, 749, 549, 491, 706, 508, 879, 906, 604, 272, 76
897, 0011010011, 749, 549, 491, 706, 508, 879, 906, 604, 272
966, 0011010100, 749, 549, 491, 706, 508, 879, 906, 604, 987
927, 001101010100, 749, 549, 491, 706, 508, 879, 906, 604, 987, 607, 249
928, 001101010101, 749, 549, 491, 706, 508, 879, 906, 604, 987, 607, 249
878, 00110101011, 749, 549, 491, 706, 508, 879, 906, 604, 987, 607
948, 001101011, 749, 549, 491, 706, 508, 879, 906, 604
921, 00110110, 749, 549, 491, 706, 508, 879, 906
922, 00110111, 749, 549, 491, 706, 508, 879, 906
890, 0011100000, 749, 549, 491, 706, 508, 630, 947, 857, 444
984, 0011100001, 749, 549, 491, 706, 508, 630, 947, 857, 444
971, 001110001000, 749, 549, 491, 706, 508, 630, 947, 857, 444, 169, 338
980, 001110001001, 749, 549, 491, 706, 508, 630, 947, 857, 444, 169, 338
726, 0011100010100, 749, 549, 491, 706, 508, 630, 947, 857, 444, 169, 338, 554
942, 0011100010101, 749, 549, 491, 706, 508, 630, 947, 857, 444, 169, 338, 554
165, 001110001011, 749, 549, 491, 706, 508, 630, 947, 857, 444, 169, 338
809, 00111000110, 749, 549, 491, 706, 508, 630, 947, 857, 444, 169
941, 00111000111, 749, 549, 491, 706, 508, 630, 947, 857, 444, 169
967, 001110010, 749, 549, 491, 706, 508, 630, 947, 857
886, 0011100110, 749, 549, 491, 706, 508, 630, 947, 857, 619
896, 00111001110, 749, 549, 491, 706, 508, 630, 947, 857, 619, 495
939, 001110011110, 749, 549, 491, 706, 508, 630, 947, 857, 619, 495, 565
983, 001110011111, 749, 549, 491, 706, 508, 630, 947, 857, 619, 495, 565
972, 001110100, 749, 549, 491, 706, 508, 630, 947, 530
959, 0011101010, 749, 549, 491, 706, 508, 630, 947, 530, 665
885, 0011101011000, 749, 549, 491, 706, 508, 630, 947, 530, 665, 873, 513, 141
934, 0011101011001, 749, 549, 491, 706, 508, 630, 947, 530, 665, 873, 513, 141
909, 0011101011010, 749, 549, 491, 706, 508, 630, 947, 530, 665, 873, 513, 141
688, 00111010110110, 749, 549, 491, 706, 508, 630, 947, 530, 665, 873, 513, 141, 731
979, 00111010110111, 749, 549, 491, 706, 508, 630, 947, 530, 665, 873, 513, 141, 731
795, 00111010111, 749, 549, 491, 706, 508, 630, 947, 530, 665, 873
840, 00111011000, 749, 549, 491, 706, 508, 630, 947, 530, 814, 964
965, 001110110010, 749, 549, 491, 706, 508, 630, 947, 530, 814, 964, 148
933, 0011101100110, 749, 549, 491, 706, 508, 630, 947, 530, 814, 964, 148, 950
964, 0011101100111, 749, 549, 491, 706, 508, 630, 947, 530, 814, 964, 148, 950
985, 00111011010, 749, 549, 491, 706, 508, 630, 947, 530, 814, 964
957, 001110110110, 749, 549, 491, 706, 508, 630, 947, 530, 814, 964, 705
982, 001110110111, 749, 549, 491, 706, 508, 630, 947, 530, 814, 964, 705
949, 0011101110, 749, 549, 491, 706, 508, 630, 947, 530, 814
490, 00111011110, 749, 549, 491, 706, 508, 630, 947, 530, 814, 99
345, 0011101111100, 749, 549, 491, 706, 508, 630, 947, 530, 814, 99, 615, 806
533, 0011101111101, 749, 549, 491, 706, 508, 630, 947, 530, 814, 99, 615, 806
727, 001110111111, 749, 549, 491, 706, 508, 630, 947, 530, 814, 99, 615
149, 00111100000, 749, 549, 491, 706, 508, 630, 48, 372, 802, 841
154, 00111100001, 749, 549, 491, 706, 508, 630, 48, 372, 802, 841
160, 001111000100, 749, 549, 491, 706, 508, 630, 48, 372, 802, 841, 941
44, 00111100010100, 749, 549, 491, 706, 508, 630, 48, 372, 802, 841, 941, 6, 452
159, 00111100010101, 749, 549, 491, 706, 508, 630, 48, 372, 802, 841, 941, 6, 452
161, 0011110001011, 749, 549, 491, 706, 508, 630, 48, 372, 802, 841, 941, 6
153, 001111000110, 749, 549, 491, 706, 508, 630, 48, 372, 802, 841, 941
46, 0011110001110, 749, 549, 491, 706, 508, 630, 48, 372, 802, 841, 941, 3
162, 0011110001111, 749, 549, 491, 706, 508, 630, 48, 372, 802, 841, 941, 3
47, 0011110010000, 749, 549, 491, 706, 508, 630, 48, 372, 802, 273, 100, 44
106, 0011110010001, 749, 549, 491, 706, 508, 630, 48, 372, 802, 273, 100, 44
45, 00111100100100, 749, 549, 491, 706, 508, 630, 48, 372, 802, 273, 100, 44, 972
206, 00111100100101, 749, 549, 491, 706, 508, 630, 48, 372, 802, 273, 100, 44, 972
208, 0011110010011, 749, 549, 491, 706, 508, 630, 48, 372, 802, 273, 100, 44
0, 0011110010100, 749, 549, 491, 706, 508, 630, 48, 372, 802, 273, 100, 908
155, 0011110010101, 749, 549, 491, 706, 508, 630, 48, 372, 802, 273, 100, 908
109, 0011110010110, 749, 549, 491, 706, 508, 630, 48, 372, 802, 273, 100, 908
148, 0011110010111, 749, 549, 491, 706, 508, 630, 48, 372, 802, 273, 100, 908
150, 001111001100, 749, 549, 491, 706, 508, 630, 48, 372, 802, 273, 336
151, 001111001101, 749, 549, 491, 706, 508, 630, 48, 372, 802, 273, 336
147, 00111100111, 749, 549, 491, 706, 508, 630, 48, 372, 802, 273
600, 001111010000, 749, 549, 491, 706, 508, 630, 48, 372, 649, 270, 466
683, 001111010001, 749, 549, 491, 706, 508, 630, 48, 372, 649, 270, 466
681, 00111101001, 749, 549, 491, 706, 508, 630, 48, 372, 649, 270
582, 0011110101, 749, 549, 491, 706, 508, 630, 48, 372, 649
128, 0011110110, 749, 549, 491, 706, 508, 630, 48, 372, 649
111, 00111101110000, 749, 549, 491, 706, 508, 630, 48, 372, 649, 698, 89, 803, 982
85, 001111011100010, 749, 549, 491, 706, 508, 630, 48, 372, 649, 698, 89, 803, 982, 441
224, 001111011100011, 749, 549, 491, 706, 508, 630, 48, 372, 649, 698, 89, 803, 982, 441
872, 00111101110010, 749, 549, 491, 706, 508, 630, 48, 372, 649, 698, 89, 803, 982
86, 001111011100110, 749, 549, 491, 706, 508, 630, 48, 372, 649, 698, 89, 803, 982, 42
119, 001111011100111, 749, 549, 491, 706, 508, 630, 48, 372, 649, 698, 89, 803, 982, 42
778, 001111011101, 749, 549, 491, 706, 508, 630, 48, 372, 649, 698, 89
945, 0011110111100, 749, 549, 491, 706, 508, 630, 48, 372, 649, 698, 89, 736
915, 001111011110100, 749, 549, 491, 706, 508, 630, 48, 372, 649, 698, 89, 736, 782, 849
209, 00111101111010100, 749, 549, 491, 706, 508, 630, 48, 372, 649, 698, 89, 736, 782, 849, 234, 284
604, 001111011110101010, 749, 549, 491, 706, 508, 630, 48, 372, 649, 698, 89, 736, 782, 849, 234, 284, 143
27, 0011110111101010110, 749, 549, 491, 706, 508, 630, 48, 372, 649, 698, 89, 736, 782, 849, 234, 284, 143, 313
780, 0011110111101010111, 749, 549, 491, 706, 508, 630, 48, 372, 649, 698, 89, 736, 782, 849, 234, 284, 143, 313
871, 0011110111101011000, 749, 549, 491, 706, 508, 630, 48, 372, 649, 698, 89, 736, 782, 849, 234, 284, 816, 389
961, 0011110111101011001, 749, 549, 491, 706, 508, 630, 48, 372, 649, 698, 89, 736, 782, 849, 234, 284, 816, 389
775, 001111011110101101, 749, 549, 491, 706, 508, 630, 48, 372, 649, 698, 89, 736, 782, 849, 234, 284, 816
320, 00111101111010111, 749, 549, 491, 706, 508, 630, 48, 372, 649, 698, 89, 736, 782, 849, 234, 284
424, 001111011110110, 749, 549, 491, 706, 508, 630, 48, 372, 649, 698, 89, 736, 782, 849
783, 001111011110111, 749, 549, 491, 706, 508, 630, 48, 372, 649, 698, 89, 736, 782, 849
562, 00111101111100, 749, 549, 491, 706, 508, 630, 48, 372, 649, 698, 89, 736, 106
769, 00111101111101, 749, 549, 491, 706, 508, 630, 48, 372, 649, 698, 89, 736, 106
2, 00111101111110, 749, 549, 491, 706, 508, 630, 48, 372, 649, 698, 89, 736, 106
785, 00111101111111, 749, 549, 491, 706, 508, 630, 48, 372, 649, 698, 89, 736, 106
758, 00111110000, 749, 549, 491, 706, 508, 630, 48, 66, 494, 844
765, 00111110001, 749, 549, 491, 706, 508, 630, 48, 66, 494, 844
991, 0011111001, 749, 549, 491, 706, 508, 630, 48, 66, 494
779, 001111101, 749, 549, 491, 706, 508, 630, 48, 66
782, 00111111000, 749, 549, 491, 706, 508, 630, 48, 66, 702, 348
610, 0011111100100, 749, 549, 491, 706, 508, 630, 48, 66, 702, 348, 927, 835
768, 0011111100101, 749, 549, 491, 706, 508, 630, 48, 66, 702, 348, 927, 835
777, 001111110011, 749, 549, 491, 706, 508, 630, 48, 66, 702, 348, 927
766, 00111111010, 749, 549, 491, 706, 508, 630, 48, 66, 702, 348
772, 00111111011, 749, 549, 491, 706, 508, 630, 48, 66, 702, 348
773, 0011111110, 749, 549, 491, 706, 508, 630, 48, 66, 702
774, 0011111111, 749, 549, 491, 706, 508, 630, 48, 66, 702
158, 01000, 749, 549, 968, 21
184, 01001, 749, 549, 968, 21
893, 0101000000, 749, 549, 968, 21, 180, 267, 695, 411, 645
898, 0101000001, 749, 549, 968, 21, 180, 267, 695, 411, 645
905, 0101000010, 749, 549, 968, 21, 180, 267, 695, 411, 645
917, 0101000011000, 749, 549, 968, 21, 180, 267, 695, 411, 645, 123, 912, 724
937, 0101000011001, 749, 549, 968, 21, 180, 267, 695, 411, 645, 123, 912, 724
874, 010100001101, 749, 549, 968, 21, 180, 267, 695, 411, 645, 123, 912
950, 010100001110, 749, 549, 968, 21, 180, 267, 695, 411, 645, 123, 912
521, 0101000011110, 749, 549, 968, 21, 180, 267, 695, 411, 645, 123, 912, 502
873, 010100001111100, 749, 549, 968, 21, 180, 267, 695, 411, 645, 123, 912, 502, 187, 351
924, 010100001111101, 749, 549, 968, 21, 180, 267, 695, 411, 645, 123, 912, 502, 187, 351
913, 01010000111111, 749, 549, 968, 21, 180, 267, 695, 411, 645, 123, 912, 502, 187
868, 0101000100, 749, 549, 968, 21, 180, 267, 695, 411, 155
883, 0101000101, 749, 549, 968, 21, 180, 267, 695, 411, 155
653, 0101000110, 749, 549, 968, 21, 180, 267, 695, 411, 155
598, 010100011100, 749, 549, 968, 21, 180, 267, 695, 411, 155, 206, 753
791, 0101000111010, 749, 549, 968, 21, 180, 267, 695, 411, 155, 206, 753, 588
953, 0101000111011, 749, 549, 968, 21, 180, 267, 695, 411, 155, 206, 753, 588
717, 010100011110, 749, 549, 968, 21, 180, 267, 695, 411, 155, 206, 753
935, 0101000111110, 749, 549, 968, 21, 180, 267, 695, 411, 155, 206, 753, 518
938, 0101000111111, 749, 549, 968, 21, 180, 267, 695, 411, 155, 206, 753, 518
931, 010100100, 749, 549, 968, 21, 180, 267, 695, 887
989, 010100101, 749, 549, 968, 21, 180, 267, 695, 887
956, 01010011, 749, 549, 968, 21, 180, 267, 695
930, 01010100, 749, 549, 968, 21, 180, 267, 501
962, 01010101, 749, 549, 968, 21, 180, 267, 501
907, 010101100, 749, 549, 968, 21, 180, 267, 501, 82
894, 01010110100, 749, 549, 968, 21, 180, 267, 501, 82, 2, 154
900, 01010110101, 749, 549, 968, 21, 180, 267, 501, 82, 2, 154
903, 0101011011, 749, 549, 968, 21, 180, 267, 501, 82, 2
858, 010101110, 749, 549, 968, 21, 180, 267, 501, 82
877, 010101111, 749, 549, 968, 21, 180, 267, 501, 82
275, 010110000, 749, 549, 968, 21, 180, 92, 929, 390
721, 010110001, 749, 549, 968, 21, 180, 92, 929, 390
910, 010110010, 749, 549, 968, 21, 180, 92, 929, 390
916, 010110011, 749, 549, 968, 21, 180, 92, 929, 390
516, 010110100, 749, 549, 968, 21, 180, 92, 929, 316
719, 010110101, 749, 549, 968, 21, 180, 92, 929, 316
716, 0101101100, 749, 549, 968, 21, 180, 92, 929, 316, 682
946, 0101101101, 749, 549, 968, 21, 180, 92, 929, 316, 682
990, 010110111, 749, 549, 968, 21, 180, 92, 929, 316
212, 01011100, 749, 549, 968, 21, 180, 92, 200
958, 01011101, 749, 549, 968, 21, 180, 92, 200
925, 010111100, 749, 549, 968, 21, 180, 92, 200, 709
929, 010111101, 749, 549, 968, 21, 180, 92, 200, 709
880, 010111110, 749, 549, 968, 21, 180, 92, 200, 709
881, 010111111, 749, 549, 968, 21, 180, 92, 200, 709
57, 01100000, 749, 549, 968, 939, 184, 917, 899
58, 011000010, 749, 549, 968, 939, 184, 917, 899, 681
62, 011000011, 749, 549, 968, 939, 184, 917, 899, 681
49, 0110001, 749, 549, 968, 939, 184, 917
55, 011001000, 749, 549, 968, 939, 184, 917, 597, 596
70, 011001001, 749, 549, 968, 939, 184, 917, 597, 596
222, 01100101, 749, 549, 968, 939, 184, 917, 597
43, 0110011000000, 749, 549, 968, 939, 184, 917, 597, 310, 648, 369, 168, 114
866, 0110011000001, 749, 549, 968, 939, 184, 917, 597, 310, 648, 369, 168, 114
54, 01100110000100, 749, 549, 968, 939, 184, 917, 597, 310, 648, 369, 168, 114, 122
64, 01100110000101, 749, 549, 968, 939, 184, 917, 597, 310, 648, 369, 168, 114, 122
98, 0110011000011, 749, 549, 968, 939, 184, 917, 597, 310, 648, 369, 168, 114
66, 01100110001, 749, 549, 968, 939, 184, 917, 597, 310, 648, 369
50, 011001100100, 749, 549, 968, 939, 184, 917, 597, 310, 648, 369, 975
52, 011001100101, 749, 549, 968, 939, 184, 917, 597, 310, 648, 369, 975
53, 01100110011, 749, 549, 968, 939, 184, 917, 597, 310, 648, 369
51, 011001101, 749, 549, 968, 939, 184, 917, 597, 310
914, 011001110, 749, 549, 968, 939, 184, 917, 597, 310
182, 01100111100, 749, 549, 968, 939, 184, 917, 597, 310, 566, 551
183, 01100111101, 749, 549, 968, 939, 184, 917, 597, 310, 566, 551
800, 0110011111000, 749, 549, 968, 939, 184, 917, 597, 310, 566, 551, 974, 319
843, 0110011111001, 749, 549, 968, 939, 184, 917, 597, 310, 566, 551, 974, 319
166, 0110011111010, 749, 549, 968, 939, 184, 917, 597, 310, 566, 551, 974, 319
995, 0110011111011, 749, 549, 968, 939, 184, 917, 597, 310, 566, 551, 974, 319
77, 0110011111100, 749, 549, 968, 939, 184, 917, 597, 310, 566, 551, 974, 891
179, 0110011111101, 749, 549, 968, 939, 184, 917, 597, 310, 566, 551, 974, 891
181, 011001111111, 749, 549, 968, 939, 184, 917, 597, 310, 566, 551, 974
104, 01101000, 749, 549, 968, 939, 184, 905, 893
130, 011010010, 749, 549, 968, 939, 184, 905, 893, 398
133, 011010011, 749, 549, 968, 939, 184, 905, 893, 398
211, 011010100, 749, 549, 968, 939, 184, 905, 893, 85
214, 011010101, 749, 549, 968, 939, 184, 905, 893, 85
221, 01101011, 749, 549, 968, 939, 184, 905, 893
96, 011011000, 749, 549, 968, 939, 184, 905, 791, 88
126, 01101100100, 749, 549, 968, 939, 184, 905, 791, 88, 297, 832
127, 01101100101, 749, 549, 968, 939, 184, 905, 791, 88, 297, 832
125, 0110110011, 749, 549, 968, 939, 184, 905, 791, 88, 297
73, 01101101000, 749, 549, 968, 939, 184, 905, 791, 88, 696, 458
74, 01101101001, 749, 549, 968, 939, 184, 905, 791, 88, 696, 458
71, 01101101010, 749, 549, 968, 939, 184, 905, 791, 88, 696, 458
75, 01101101011, 749, 549, 968, 939, 184, 905, 791, 88, 696, 458
72, 0110110110, 749, 549, 968, 939, 184, 905, 791, 88, 696
76, 0110110111, 749, 549, 968, 939, 184, 905, 791, 88, 696
68, 01101110000, 749, 549, 968, 939, 184, 905, 791, 595, 285, 638
69, 01101110001, 749, 549, 968, 939, 184, 905, 791, 595, 285, 638
908, 0110111001, 749, 549, 968, 939, 184, 905, 791, 595, 285
60, 011011101000, 749, 549, 968, 939, 184, 905, 791, 595, 285, 541, 16
61, 011011101001, 749, 549, 968, 939, 184, 905, 791, 595, 285, 541, 16
56, 011011101010, 749, 549, 968, 939, 184, 905, 791, 595, 285, 541, 16
59, 011011101011, 749, 549, 968, 939, 184, 905, 791, 595, 285, 541, 16
996, 0110111011, 749, 549, 968, 939, 184, 905, 791, 595, 285
94, 0110111100, 749, 549, 968, 939, 184, 905, 791, 595, 989
95, 0110111101, 749, 549, 968, 939, 184, 905, 791, 595, 989
67, 011011111, 749, 549, 968, 939, 184, 905, 791, 595
559, 011100000000, 749, 549, 968, 939, 250, 243, 862, 32, 801, 340, 386
969, 011100000001, 749, 549, 968, 939, 250, 243, 862, 32, 801, 340, 386
253, 01110000001000, 749, 549, 968, 939, 250, 243, 862, 32, 801, 340, 386, 11, 703
655, 01110000001001, 749, 549, 968, 939, 250, 243, 862, 32, 801, 340, 386, 11, 703
81, 01110000001010, 749, 549, 968, 939, 250, 243, 862, 32, 801, 340, 386, 11, 703
79, 011100000010110, 749, 549, 968, 939, 250, 243, 862, 32, 801, 340, 386, 11, 703, 283
80, 011100000010111, 749, 549, 968, 939, 250, 243, 862, 32, 801, 340, 386, 11, 703, 283
167, 0111000000110, 749, 549, 968, 939, 250, 243, 862, 32, 801, 340, 386, 11
169, 0111000000111, 749, 549, 968, 939, 250, 243, 862, 32, 801, 340, 386, 11
135, 01110000010, 749, 549, 968, 939, 250, 243, 862, 32, 801, 340
99, 0111000001100, 749, 549, 968, 939, 250, 243, 862, 32, 801, 340, 259, 775
100, 0111000001101, 749, 549, 968, 939, 250, 243, 862, 32, 801, 340, 259, 775
103, 011100000111, 749, 549, 968, 939, 250, 243, 862, 32, 801, 340, 259
108, 0111000010, 749, 549, 968, 939, 250, 243, 862, 32, 801
110, 0111000011, 749, 549, 968, 939, 250, 243, 862, 32, 801
137, 01110001000, 749, 549, 968, 939, 250, 243, 862, 32, 572, 365
231, 01110001001000, 749, 549, 968, 939, 250, 243, 862, 32, 572, 365, 790, 262, 553
884, 01110001001001, 749, 549, 968, 939, 250, 243, 862, 32, 572, 365, 790, 262, 553
102, 0111000100101, 749, 549, 968, 939, 250, 243, 862, 32, 572, 365, 790, 262
180, 0111000100110, 749, 549, 968, 939, 250, 243, 862, 32, 572, 365, 790, 262
647, 0111000100111, 749, 549, 968, 939, 250, 243, 862, 32, 572, 365, 790, 262
696, 01110001010000, 749, 549, 968, 939, 250, 243, 862, 32, 572, 365, 460, 676, 714
331, 0111000101000100, 749, 549, 968, 939, 250, 243, 862, 32, 572, 365, 460, 676, 714, 825, 426
485, 0111000101000101, 749, 549, 968, 939, 250, 243, 862, 32, 572, 365, 460, 676, 714, 825, 426
473, 011100010100011, 749, 549, 968, 939, 250, 243, 862, 32, 572, 365, 460, 676, 714, 825
622, 0111000101001, 749, 549, 968, 939, 250, 243, 862, 32, 572, 365, 460, 676
413, 011100010101, 749, 549, 968, 939, 250, 243, 862, 32, 572, 365, 460
330, 0111000101100, 749, 549, 968, 939, 250, 243, 862, 32, 572, 365, 460, 988
530, 0111000101101, 749, 549, 968, 939, 250, 243, 862, 32, 572, 365, 460, 988
227, 011100010111, 749, 549, 968, 939, 250, 243, 862, 32, 572, 365, 460
97, 011100011000, 749, 549, 968, 939, 250, 243, 862, 32, 572, 258, 830
134, 01110001100100, 749, 549, 968, 939, 250, 243, 862, 32, 572, 258, 830, 64, 436
269, 01110001100101000, 749, 549, 968, 939, 250, 243, 862, 32, 572, 258, 830, 64, 436, 953, 539, 979
594, 01110001100101001, 749, 549, 968, 939, 250, 243, 862, 32, 572, 258, 830, 64, 436, 953, 539, 979
389, 0111000110010101, 749, 549, 968, 939, 250, 243, 862, 32, 572, 258, 830, 64, 436, 953, 539
507, 0111000110010110, 749, 549, 968, 939, 250, 243, 862, 32, 572, 258, 830, 64, 436, 953, 539
656, 0111000110010111, 749, 549, 968, 939, 250, 243, 862, 32, 572, 258, 830, 64, 436, 953, 539
241, 01110001100110, 749, 549, 968, 939, 250, 243, 862, 32, 572, 258, 830, 64, 436
912, 01110001100111, 749, 549, 968, 939, 250, 243, 862, 32, 572, 258, 830, 64, 436
940, 011100011010, 749, 549, 968, 939, 250, 243, 862, 32, 572, 258, 830
968, 011100011011, 749, 549, 968, 939, 250, 243, 862, 32, 572, 258, 830
360, 011100011100, 749, 549, 968, 939, 250, 243, 862, 32, 572, 258, 718
502, 011100011101, 749, 549, 968, 939, 250, 243, 862, 32, 572, 258, 718
879, 011100011110, 749, 549, 968, 939, 250, 243, 862, 32, 572, 258, 718
902, 011100011111, 749, 549, 968, 939, 250, 243, 862, 32, 572, 258, 718
65, 01110010, 749, 549, 968, 939, 250, 243, 862
5, 01110011000, 749, 549, 968, 939, 250, 243, 862, 550, 739, 298
12, 01110011001, 749, 549, 968, 939, 250, 243, 862, 550, 739, 298
856, 0111001101, 749, 549, 968, 939, 250, 243, 862, 550, 739
764, 011100111000000, 749, 549, 968, 939, 250, 243, 862, 550, 739, 35, 255, 525, 134, 454
767, 011100111000001, 749, 549, 968, 939, 250, 243, 862, 550, 739, 35, 255, 525, 134, 454
781, 01110011100001, 749, 549, 968, 939, 250, 243, 862, 550, 739, 35, 255, 525, 134
771, 0111001110001, 749, 549, 968, 939, 250, 243, 862, 550, 739, 35, 255, 525
273, 011100111001, 749, 549, 968, 939, 250, 243, 862, 550, 739, 35, 255
826, 011100111010, 749, 549, 968, 939, 250, 243, 862, 550, 739, 35, 255
26, 0111001110110, 749, 549, 968, 939, 250, 243, 862, 550, 739, 35, 255, 915
28, 0111001110111, 749, 549, 968, 939, 250, 243, 862, 550, 739, 35, 255, 915
374, 0111001111, 749, 549, 968, 939, 250, 243, 862, 550, 739
63, 0111010, 749, 549, 968, 939, 250, 243
177, 01110110, 749, 549, 968, 939, 250, 243, 34
170, 0111011100, 749, 549, 968, 939, 250, 243, 34, 504, 8
171, 0111011101, 749, 549, 968, 939, 250, 243, 34, 504, 8
172, 011101111, 749, 549, 968, 939, 250, 243, 34, 504
474, 011110000000, 749, 549, 968, 939, 250, 904, 450, 257, 131, 921, 29
407, 0111100000010, 749, 549, 968, 939, 250, 904, 450, 257, 131, 921, 29, 909
508, 0111100000011, 749, 549, 968, 939, 250, 904, 450, 257, 131, 921, 29, 909
649, 01111000001, 749, 549, 968, 939, 250, 904, 450, 257, 131, 921
439, 01111000010, 749, 549, 968, 939, 250, 904, 450, 257, 131, 921
846, 01111000011, 749, 549, 968, 939, 250, 904, 450, 257, 131, 921
288, 0111100010, 749, 549, 968, 939, 250, 904, 450, 257, 131
326, 0111100011, 749, 549, 968, 939, 250, 904, 450, 257, 131
248, 01111001, 749, 549, 968, 939, 250, 904, 450
864, 0111101000, 749, 549, 968, 939, 250, 904, 450, 938, 666
17, 011110100100, 749, 549, 968, 939, 250, 904, 450, 938, 666, 503, 821
19, 011110100101, 749, 549, 968, 939, 250, 904, 450, 938, 666, 503, 821
390, 01111010011, 749, 549, 968, 939, 250, 904, 450, 938, 666, 503
825, 011110101, 749, 549, 968, 939, 250, 904, 450, 938
393, 0111101100000, 749, 549, 968, 939, 250, 904, 450, 938, 464, 769, 955, 149
608, 0111101100001, 749, 549, 968, 939, 250, 904, 450, 938, 464, 769, 955, 149
607, 011110110001, 749, 549, 968, 939, 250, 904, 450, 938, 464, 769, 955
433, 011110110010000, 749, 549, 968, 939, 250, 904, 450, 938, 464, 769, 955, 120, 237, 280
645, 011110110010001, 749, 549, 968, 939, 250, 904, 450, 938, 464, 769, 955, 120, 237, 280
546, 01111011001001, 749, 549, 968, 939, 250, 904, 450, 938, 464, 769, 955, 120, 237
423, 01111011001010, 749, 549, 968, 939, 250, 904, 450, 938, 464, 769, 955, 120, 237
226, 011110110010110, 749, 549, 968, 939, 250, 904, 450, 938, 464, 769, 955, 120, 237, 589
707, 0111101100101110, 749, 549, 968, 939, 250, 904, 450, 938, 464, 769, 955, 120, 237, 589, 496
954, 0111101100101111, 749, 549, 968, 939, 250, 904, 450, 938, 464, 769, 955, 120, 237, 589, 496
404, 0111101100110, 749, 549, 968, 939, 250, 904, 450, 938, 464, 769, 955, 120
697, 0111101100111, 749, 549, 968, 939, 250, 904, 450, 938, 464, 769, 955, 120
382, 0111101101000, 749, 549, 968, 939, 250, 904, 450, 938, 464, 769, 236, 124
368, 011110110100100, 749, 549, 968, 939, 250, 904, 450, 938, 464, 769, 236, 124, 846, 109
811, 011110110100101, 749, 549, 968, 939, 250, 904, 450, 938, 464, 769, 236, 124, 846, 109
258, 011110110100110, 749, 549, 968, 939, 250, 904, 450, 938, 464, 769, 236, 124, 846, 109
283, 011110110100111, 749, 549, 968, 939, 250, 904, 450, 938, 464, 769, 236, 124, 846, 109
911, 011110110101, 749, 549, 968, 939, 250, 904, 450, 938, 464, 769, 236
475, 0111101101100, 749, 549, 968, 939, 250, 904, 450, 938, 464, 769, 236, 813
542, 0111101101101, 749, 549, 968, 939, 250, 904, 450, 938, 464, 769, 236, 813
757, 011110110111, 749, 549, 968, 939, 250, 904, 450, 938, 464, 769, 236
676, 0111101110, 749, 549, 968, 939, 250, 904, 450, 938, 464
679, 0111101111, 749, 549, 968, 939, 250, 904, 450, 938, 464
29, 0111110000, 749, 549, 968, 939, 250, 904, 385, 182, 940
30, 0111110001, 749, 549, 968, 939, 250, 904, 385, 182, 940
289, 011111001, 749, 549, 968, 939, 250, 904, 385, 182
31, 011111010, 749, 549, 968, 939, 250, 904, 385, 182
257, 0111110110, 749, 549, 968, 939, 250, 904, 385, 182, 176
601, 0111110111, 749, 549, 968, 939, 250, 904, 385, 182, 176
801, 01111110000, 749, 549, 968, 939, 250, 904, 385, 189, 913, 750
33, 0111111000100, 749, 549, 968, 939, 250, 904, 385, 189, 913, 750, 231, 715
34, 0111111000101, 749, 549, 968, 939, 250, 904, 385, 189, 913, 750, 231, 715
32, 011111100011, 749, 549, 968, 939, 250, 904, 385, 189, 913, 750, 231
38, 011111100100000, 749, 549, 968, 939, 250, 904, 385, 189, 913, 750, 402, 52, 684, 733
261, 011111100100001, 749, 549, 968, 939, 250, 904, 385, 189, 913, 750, 402, 52, 684, 733
39, 01111110010001, 749, 549, 968, 939, 250, 904, 385, 189, 913, 750, 402, 52, 684
11, 0111111001001, 749, 549, 968, 939, 250, 904, 385, 189, 913, 750, 402, 52
40, 011111100101, 749, 549, 968, 939, 250, 904, 385, 189, 913, 750, 402
4, 01111110011, 749, 549, 968, 939, 250, 904, 385, 189, 913, 750
818, 0111111010, 749, 549, 968, 939, 250, 904, 385, 189, 913
862, 0111111011, 749, 549, 968, 939, 250, 904, 385, 189, 913
842, 0111111100000, 749, 549, 968, 939, 250, 904, 385, 189, 61, 113, 556, 555
36, 01111111000010, 749, 549, 968, 939, 250, 904, 385, 189, 61, 113, 556, 555, 822
805, 01111111000011, 749, 549, 968, 939, 250, 904, 385, 189, 61, 113, 556, 555, 822
260, 011111110001, 749, 549, 968, 939, 250, 904, 385, 189, 61, 113, 556
35, 011111110010, 749, 549, 968, 939, 250, 904, 385, 189, 61, 113, 556
37, 011111110011, 749, 549, 968, 939, 250, 904, 385, 189, 61, 113, 556
262, 01111111010, 749, 549, 968, 939, 250, 904, 385, 189, 61, 113
3, 011111110110, 749, 549, 968, 939, 250, 904, 385, 189, 61, 113, 384
861, 011111110111, 749, 549, 968, 939, 250, 904, 385, 189, 61, 113, 384
41, 0111111110, 749, 549, 968, 939, 250, 904, 385, 189, 61
851, 0111111111, 749, 549, 968, 939, 250, 904, 385, 189, 61
540, 1000000, 749, 743, 341, 707, 287, 424
695, 1000001, 749, 743, 341, 707, 287, 424
236, 100001000, 749, 743, 341, 707, 287, 424, 574, 970
328, 100001001, 749, 743, 341, 707, 287, 424, 574, 970
527, 10000101, 749, 743, 341, 707, 287, 424, 574
484, 10000110, 749, 743, 341, 707, 287, 424, 574
671, 10000111, 749, 743, 341, 707, 287, 424, 574
742, 100010000, 749, 743, 341, 707, 287, 883, 948, 858
744, 100010001, 749, 743, 341, 707, 287, 883, 948, 858
746, 10001001, 749, 743, 341, 707, 287, 883, 948
659, 100010100, 749, 743, 341, 707, 287, 883, 948, 290
354, 1000101010, 749, 743, 341, 707, 287, 883, 948, 290, 548
616, 10001010110, 749, 743, 341, 707, 287, 883, 948, 290, 548, 819
392, 100010101110, 749, 743, 341, 707, 287, 883, 948, 290, 548, 819, 533
408, 100010101111, 749, 743, 341, 707, 287, 883, 948, 290, 548, 819, 533
741, 10001011000, 749, 743, 341, 707, 287, 883, 948, 290, 764, 12
747, 10001011001, 749, 743, 341, 707, 287, 883, 948, 290, 764, 12
748, 1000101101, 749, 743, 341, 707, 287, 883, 948, 290, 764
341, 1000101110, 749, 743, 341, 707, 287, 883, 948, 290, 764
743, 10001011110, 749, 743, 341, 707, 287, 883, 948, 290, 764, 621
745, 10001011111, 749, 743, 341, 707, 287, 883, 948, 290, 764, 621
749, 10001100, 749, 743, 341, 707, 287, 883, 564
739, 100011010, 749, 743, 341, 707, 287, 883, 564, 17
740, 100011011, 749, 743, 341, 707, 287, 883, 564, 17
575, 1000111000, 749, 743, 341, 707, 287, 883, 564, 992, 276
628, 1000111001, 749, 743, 341, 707, 287, 883, 564, 992, 276
612, 100011101, 749, 743, 341, 707, 287, 883, 564, 992
402, 100011110, 749, 743, 341, 707, 287, 883, 564, 992
311, 1000111110, 749, 743, 341, 707, 287, 883, 564, 992, 158
421, 1000111111, 749, 743, 341, 707, 287, 883, 564, 992, 158
643, 100100, 749, 743, 341, 707, 818
691, 100101, 749, 743, 341, 707, 818
431, 100110, 749, 743, 341, 707, 818
641, 1001110, 749, 743, 341, 707, 818, 126
755, 10011110000, 749, 743, 341, 707, 818, 126, 199, 810, 540, 167
728, 100111100010, 749, 743, 341, 707, 818, 126, 199, 810, 540, 167, 700
750, 100111100011, 749, 743, 341, 707, 818, 126, 199, 810, 540, 167, 700
369, 100111100100, 749, 743, 341, 707, 818, 126, 199, 810, 540, 167, 650
637, 100111100101, 749, 743, 341, 707, 818, 126, 199, 810, 540, 167, 650
397, 100111100110, 749, 743, 341, 707, 818, 126, 199, 810, 540, 167, 650
461, 100111100111, 749, 743, 341, 707, 818, 126, 199, 810, 540, 167, 650
700, 10011110100, 749, 743, 341, 707, 818, 126, 199, 810, 540, 538
998, 10011110101, 749, 743, 341, 707, 818, 126, 199, 810, 540, 538
350, 10011110110, 749, 743, 341, 707, 818, 126, 199, 810, 540, 538
429, 10011110111, 749, 743, 341, 707, 818, 126, 199, 810, 540, 538
999, 100111110, 749, 743, 341, 707, 818, 126, 199, 810
296, 10011111100, 749, 743, 341, 707, 818, 126, 199, 810, 107, 590
379, 10011111101, 749, 743, 341, 707, 818, 126, 199, 810, 107, 590
295, 1001111111, 749, 743, 341, 707, 818, 126, 199, 810, 107
792, 101000000, 749, 743, 341, 697, 659, 47, 796, 383
855, 101000001, 749, 743, 341, 697, 659, 47, 796, 383
833, 10100001000000, 749, 743, 341, 697, 659, 47, 796, 383, 292, 347, 210, 173, 719
865, 10100001000001, 749, 743, 341, 697, 659, 47, 796, 383, 292, 347, 210, 173, 719
807, 1010000100001, 749, 743, 341, 697, 659, 47, 796, 383, 292, 347, 210, 173
827, 101000010001, 749, 743, 341, 697, 659, 47, 796, 383, 292, 347, 210
644, 101000010010, 749, 743, 341, 697, 659, 47, 796, 383, 292, 347, 210
836, 101000010011, 749, 743, 341, 697, 659, 47, 796, 383, 292, 347, 210
860, 1010000101, 749, 743, 341, 697, 659, 47, 796, 383, 292
115, 1010000110, 749, 743, 341, 697, 659, 47, 796, 383, 292
848, 1010000111, 749, 743, 341, 697, 659, 47, 796, 383, 292
499, 101000100, 749, 743, 341, 697, 659, 47, 796, 952
615, 101000101, 749, 743, 341, 697, 659, 47, 796, 952
319, 10100011, 749, 743, 341, 697, 659, 47, 796
416, 1010010000, 749, 743, 341, 697, 659, 47, 716, 529, 121
472, 1010010001, 749, 743, 341, 697, 659, 47, 716, 529, 121
426, 101001001, 749, 743, 341, 697, 659, 47, 716, 529
660, 10100101, 749, 743, 341, 697, 659, 47, 716
343, 1010011, 749, 743, 341, 697, 659, 47
698, 1010100000, 749, 743, 341, 697, 659, 761, 579, 380, 353
802, 1010100001, 749, 743, 341, 697, 659, 761, 579, 380, 353
854, 101010001, 749, 743, 341, 697, 659, 761, 579, 380
820, 101010010, 749, 743, 341, 697, 659, 761, 579, 380
863, 101010011, 749, 743, 341, 697, 659, 761, 579, 380
640, 101010100, 749, 743, 341, 697, 659, 761, 579, 127
284, 10101010100, 749, 743, 341, 697, 659, 761, 579, 127, 625, 381
822, 101010101010, 749, 743, 341, 697, 659, 761, 579, 127, 625, 381, 685
823, 101010101011, 749, 743, 341, 697, 659, 761, 579, 127, 625, 381, 685
794, 10101010110, 749, 743, 341, 697, 659, 761, 579, 127, 625, 381
821, 10101010111, 749, 743, 341, 697, 659, 761, 579, 127, 625, 381
841, 101010110, 749, 743, 341, 697, 659, 761, 579, 127
844, 101010111, 749, 743, 341, 697, 659, 761, 579, 127
975, 1010110, 749, 743, 341, 697, 659, 761
976, 1010111, 749, 743, 341, 697, 659, 761
831, 101100, 749, 743, 341, 697, 983
789, 1011010, 749, 743, 341, 697, 983, 225
790, 101101100, 749, 743, 341, 697, 983, 225, 371, 944
830, 101101101, 749, 743, 341, 697, 983, 225, 371, 944
788, 101101110, 749, 743, 341, 697, 983, 225, 371, 944
867, 101101111, 749, 743, 341, 697, 983, 225, 371, 944
796, 10111000, 749, 743, 341, 697, 983, 96, 95
850, 10111001, 749, 743, 341, 697, 983, 96, 95
815, 10111010, 749, 743, 341, 697, 983, 96, 95
845, 10111011, 749, 743, 341, 697, 983, 96, 95
837, 101111, 749, 743, 341, 697, 983
814, 11000, 749, 743, 14, 442
793, 1100100, 749, 743, 14, 442, 157, 185
834, 1100101, 749, 743, 14, 442, 157, 185
797, 1100110, 749, 743, 14, 442, 157, 185
832, 11001110, 749, 743, 14, 442, 157, 185, 293
812, 110011110, 749, 743, 14, 442, 157, 185, 293, 448
816, 110011111, 749, 743, 14, 442, 157, 185, 293, 448
565, 1101, 749, 743, 14
386, 1110000, 749, 743, 14, 647, 606, 935
366, 11100010, 749, 743, 14, 647, 606, 935, 312
503, 11100011, 749, 743, 14, 647, 606, 935, 312
712, 111001000, 749, 743, 14, 647, 606, 935, 514, 536
715, 111001001, 749, 743, 14, 647, 606, 935, 514, 536
702, 11100101000, 749, 743, 14, 647, 606, 935, 514, 536, 230, 18
703, 11100101001, 749, 743, 14, 647, 606, 935, 514, 536, 230, 18
701, 111001010100, 749, 743, 14, 647, 606, 935, 514, 536, 230, 18, 820
704, 111001010101, 749, 743, 14, 647, 606, 935, 514, 536, 230, 18, 820
730, 11100101011, 749, 743, 14, 647, 606, 935, 514, 536, 230, 18
732, 111001011, 749, 743, 14, 647, 606, 935, 514, 536
733, 111001100, 749, 743, 14, 647, 606, 935, 514, 560
735, 111001101, 749, 743, 14, 647, 606, 935, 514, 560
725, 11100111, 749, 743, 14, 647, 606, 935, 514
352, 1110100, 749, 743, 14, 647, 606, 601
454, 1110101, 749, 743, 14, 647, 606, 601
752, 11101100, 749, 743, 14, 647, 606, 601, 480
751, 111011010, 749, 743, 14, 647, 606, 601, 480, 56
753, 111011011, 749, 743, 14, 647, 606, 601, 480, 56
680, 1110111, 749, 743, 14, 647, 606, 601
689, 111100, 749, 743, 14, 647, 119
708, 111101, 749, 743, 14, 647, 119
706, 111110, 749, 743, 14, 647, 119
731, 1111110, 749, 743, 14, 647, 119, 923
738, 1111111, 749, 743, 14, 647, 119, 923
